   1        "u-r+a"   42   49.562271  51.970741  87.241943
   2        "u-r+q"   21   46.722759  36.132339  41.375004
   3        "u-r+u"    3    6.304594   4.978101   4.783450
   4         "t+ul"    6    8.650415   6.092551   6.259966
   5        "ll-al"   32  127.770920  87.566963 271.012024
   6        "u-s+a"   16   61.615425  49.324471  47.195728
   7        "u-s+i"    6   38.213692  26.232924  13.093438
   8        "u-s+k"    3   14.008791  11.340437   9.609241
   9        "u-s+p"   11   42.362892  23.885427  21.096298
  10       "s-a+ch"    4    8.487433   8.041570  21.400761
  11       "a-al+y"   25  135.860886  64.966507  70.385193
  12        "u-t+a"   33  127.732513  63.658508  89.117165
  13        "u-t+i"   10   29.647161  23.948484  16.927044
  14         "t-ul"    4    5.940581  16.028011  21.602266
  15       "w-i+ll"    6   14.052140  11.961334  11.872583
  16           "sp" 3331  2608.000000
  17       "i-s+al"   29  114.544266 167.429062  79.429489
  18        "x-a+m"   16   43.640972  56.360271  43.358746
  19        "x-a+w"   17   43.697842  37.613644  39.538078
  20        "x-a+y"    9   20.224026  23.093893  24.804213
  21        "u-w+a"   10   40.821392  36.492142  26.169186
  22        "k-i+k"    6    8.238255  29.503464  35.220715
  23        "k-i+m"   24   42.166409  81.222214  78.495064
  24        "k-i+n"   15   29.078690  76.737305  44.220345
  25        "k-i+r"    3    6.000202  17.987522   7.263732
  26        "k-i+t"   17   33.075809  74.457504  72.291718
  27        "u-y+a"    7   14.257939  17.828812  38.421978
  28        "u-y+m"    3    9.962811  11.276129  13.548300
  29        "u-y+t"   16   35.037010  35.971447  62.146748
  30        "u-y+u"   60  150.385544 150.155243 239.538986
  31        "u-y+w"    7   10.637353  12.032834  31.404463
  32       "h-o+rr"    3    5.616589  29.410572   7.951660
  33       "a-t+ul"    4   14.001520   8.000074   8.071012
  34        "k-n+i"    7   11.371013  19.696056  17.333961
  35        "x-i+q"   30   40.747013  54.327305  54.914246
  36       "w-a+al"   25   40.453156  53.215721 131.473953
  37       "i-k+ch"    5   25.176941   7.780993   5.472145
  38       "n-ul+a"    3    3.818188  13.514467  29.646936
  39      "ch-al+y"    4   23.079340  11.462100  20.532946
  40        "k-u+m"    5   12.892031  20.456497  14.317363
  41        "k-u+n"  133  393.347839 339.744812 230.948563
  42        "k-u+s"   21   48.220074  59.949310  50.181293
  43        "k-u+t"   10   23.599415  26.559738  43.223995
  44        "k-u+y"   43   91.621384  99.389671 103.320587
  45        "n-a+k"   19   37.340622  67.480049 110.751648
  46        "n-a+m"   79  163.393906 380.185364 222.219025
  47        "n-a+n"   82  181.415833 472.670837 199.713684
  48        "n-a+p"   38   92.159813 194.615570 177.972336
  49        "n-a+q"    4    9.192578  23.844275  13.040183
  50        "n-a+r"    6   14.811035  46.635254  11.722816
  51        "n-a+s"   57  142.638046 277.566040 235.628326
  52        "n-a+t"   56  136.916809 250.812897 247.376816
  53        "n-a+x"   16   43.460434  93.466202  72.817459
  54        "n-a+y"   16   46.417885  70.448753  37.868309
  55        "a-h+o"    3    3.000000   3.000000   3.000000
  56        "n-c+o"   27   96.272583  99.152794  67.038376
  57       "y-a+al"    6   24.322130  21.132122  36.927761
  58       "y-a+ch"   19   39.992657  47.165863 105.880592
  59        "k-y+a"    5    5.000068   5.075101  10.368045
  60        "a-j+e"    3   15.407827   9.994009   4.006149
  61        "a-k+i"    9   52.860111  18.557079  11.214165
  62        "x-u+p"    5    9.456767  13.501570  23.481794
  63        "a-k+u"   81  409.893250 181.750671 110.194870
  64        "a-k+y"    5   41.669239   9.847253  11.067570
  65        "a-m+a"  158  788.596802 381.685120 243.969360
  66        "a-m+k"    9   56.313019  18.753239  16.864113
  67        "a-m+p"    6   34.611660   8.994597   7.645691
  68        "n-h+i"    3   17.489855   3.997904   3.814251
  69        "a-n+a"  268  551.840332 882.815918 712.686462
  70        "a-n+c"   27   54.229099  67.816734  85.309029
  71        "a-n+h"    3    5.973695   3.000455   9.509598
  72        "a-n+i"   38   86.991646 110.635864  61.288006
  73        "a-n+k"   48  118.910278 153.792831 176.377258
  74        "a-n+m"   22   49.144695  74.294571  35.722115
  75        "a-n+p"   10   38.897739  38.208675  26.822306
  76        "a-n+q"   20   66.718796  60.582588  65.811508
  77        "a-n+r"    6   13.456230   7.437673   6.180928
  78        "a-n+t"   75  173.951096 216.170776 193.219131
  79        "a-n+x"    3    9.420093  16.597113   4.074399
  80        "n-i+k"    9   20.268320  54.437508  59.518280
  81        "n-i+n"   41   79.748329 217.246628 104.018631
  82        "n-i+q"    6   14.335073  25.656870  32.190937
  83        "n-i+s"   25   48.409451 106.790733  75.700294
  84        "n-i+t"    3    8.886623  13.986392  11.574466
  85        "n-i+y"   35   63.564869  91.528236  45.895000
  86        "a-p+a"  130  569.499817 256.028442 366.168396
  87        "a-p+i"   23  115.601250  41.941490  46.862789
  88        "a-p+t"   14   52.797897  26.832106  21.803440
  89        "a-p+u"   31  145.034714  69.839989  65.765114
  90       "i-al+p"    3   21.213169  10.990252  35.445213
  91        "n-k+a"   64  177.326584 111.827637 100.248390
  92        "n-k+i"   25   97.470078  43.290245  31.495401
  93        "n-k+u"   23  134.123795  48.395817  32.621964
  94        "a-q+i"   10   49.063190  22.458334  26.712248
  95        "a-q+m"   20   34.011482  50.170280  63.987785
  96        "a-q+n"    5   14.104419  12.610837  13.015864
  97        "a-q+p"    3   10.809059   6.340259   7.777087
  98        "a-q+t"   30   89.251793  74.879883  79.599503
  99        "a-r+a"   13   15.674109  13.591126  20.425215
 100        "a-r+i"   44   60.778320  50.224579  54.626400
 101        "a-r+m"    9   32.506165  15.526825  12.076941
 102        "a-r+p"    7   16.800613  13.648995  12.052303
 103        "n-m+a"   28  102.703156  67.755264  46.857571
 104        "n-m+i"   25   83.466499  30.554638  30.298611
 105        "a-s+a"   17   69.847656  51.804611  49.017780
 106        "a-s+i"   50  226.588364 241.739594 116.998642
 107        "a-s+k"    3   17.294226   9.611337   6.678604
 108        "a-s+m"   10   30.180573  35.397816  37.041206
 109        "a-s+n"    3   13.805602   8.997604  10.989938
 110        "a-s+p"   63  251.403168 218.997589 123.594009
 111        "a-s+u"    3   10.000106  13.000282   8.509957
 112        "a-s+w"   27   88.388069  83.290634  84.903999
 113        "n-n+i"    4    7.488590  13.616651   8.717759
 114        "a-t+a"  137  452.796265 232.950455 333.368195
 115        "a-t+i"   15   63.693367  34.044678  24.259224
 116        "a-t+m"   23  120.911362  51.620930  72.604103
 117        "a-t+u"   22  128.762741  42.731873  47.292099
 118        "n-p+a"   10   31.660172  19.218275  31.398661
 119        "n-p+i"   12   51.047337  20.816027  24.645658
 120       "ll-a+k"   14   32.149918  32.956890  90.808716
 121       "ll-a+m"   46  107.795166 111.987022 163.168365
 122       "ll-a+n"    3    5.734155   6.592912   8.930977
 123       "ll-a+p"   49  132.611267 144.584824 220.976013
 124       "ll-a+q"   17   35.636528  32.655521  41.162529
 125       "ll-a+r"    7   25.049520  39.263298  19.115110
 126       "ll-a+t"   44  101.148804 107.655251 197.886581
 127       "ll-a+y"    6   13.829597   7.231465  12.737167
 128        "n-q+u"   21   56.072426  46.600323  40.286331
 129        "a-w+a"   56  365.220703 200.448883  94.004402
 130        "a-w+k"    9   54.138222  17.978945  14.977969
 131        "a-w+p"   17   85.401733  33.859200  23.205082
 132        "a-w+r"    5   15.736550   8.677225  13.338699
 133        "a-w+s"   20   96.108040  47.228745  47.022076
 134        "n-r+i"    6    6.077070   6.971739   7.303957
 135        "a-x+a"   16   65.820663  63.172455  56.351849
 136       "t-ul+p"    4    5.483043  16.390631  17.286802
 137       "t-ul+r"    3    4.105288   7.871535  26.396551
 138       "t-ul+y"    3    3.017758   8.454212  22.538382
 139        "a-y+a"    5   13.442407  27.125353  11.118204
 140        "a-y+h"    3   11.493872  11.044321  19.049957
 141        "a-y+k"   72  230.750061 261.972443 403.896149
 142        "a-y+m"   64  181.626877 220.369064 284.865723
 143        "a-y+n"  124  339.434692 404.951202 265.169891
 144        "a-y+p"   41  109.196701  92.353958 153.296997
 145        "a-y+q"    7   29.102747  12.830634  24.166634
 146        "a-y+r"    5   25.601101  27.296148  13.229136
 147        "a-y+s"    3    8.367517   5.883608   7.015658
 148        "a-y+t"   81  239.525742 276.016144 360.863281
 149        "a-y+w"    3    9.012425   6.989734  11.272039
 150        "n-t+a"  125  359.875275 220.511673 306.812988
 151        "n-t+o"   15   35.157421  32.033718  30.009283
 152        "n-x+a"    3    8.983273   9.229314   7.964983
 153       "ll-i+k"   10   20.576180  29.291254  58.640289
 154       "ll-i+n"   85  188.879837 480.123108 190.351227
 155       "ll-i+q"    6   15.817816  19.637655  18.942728
 156       "ll-i+s"    3    6.443506  13.042850   9.896005
 157       "ll-i+w"   14   27.567995  37.005951  60.019596
 158         "m-al"    4   17.990900  10.731414  30.938763
 159       "u-s+al"   25  101.487740 125.265137  61.614437
 160      "ul-a+al"   12   51.893585  61.583401  48.259308
 161        "q-i+k"   15   48.068081 107.356018  90.784447
 162        "q-i+n"   13   33.723301  41.765774  29.282154
 163        "q-i+t"   17   62.845802  67.165382  80.547722
 164        "q-i+y"   13   32.079025  66.225342  19.495735
 165       "ll-p+a"   10   40.448498  15.722715  28.354374
 166       "ll-q+i"  108  271.076080 264.210693 245.291489
 167       "x-ul+a"   25   60.560097 104.063797 173.824677
 168         "ch+a"  248  774.287231 516.915771 489.123444
 169         "ch+i"   12   46.591923  29.374365  19.527355
 170         "ch+u"   86  263.055023 257.734802 170.794128
 171         "ch-a"   34   79.375916 120.608673 117.902573
 172         "ch-i"    8   11.312674  43.972069  31.904446
 173         "ch-u"   47   75.622635  98.228264 127.308212
 174        "q-m+a"    3   11.999519   9.013121   5.037869
 175        "q-m+i"   27  155.632919  43.272743  32.739059
 176      "ch-u+ch"    7   11.646813  17.389292  43.393608
 177        "q-n+i"    5   21.378939  33.861488   7.255721
 178       "ll-u+m"    5   16.951031  29.293432  11.689055
 179       "ll-u+p"    4   15.959912  12.203890  16.116926
 180        "q-p+a"    6   30.426628  19.633987  19.657881
 181        "q-s+i"    3    3.181235  14.880323   8.037662
 182       "a-ch+a"   83  525.415588 194.338547 166.488220
 183       "a-ch+i"   69  532.469604 162.287704  94.990532
 184       "a-ch+k"   30  168.610931  58.871487  63.583252
 185       "a-ch+u"   32  178.231644  77.022217  54.014099
 186        "q-t+a"   27  109.991478  59.130898  70.055588
 187        "q-t+i"    9   25.059809  21.918663  17.654791
 188        "q-u+k"    3    6.000283   6.286844  16.864235
 189        "q-u+n"   12   27.200136  57.875893  34.043503
 190        "q-u+r"    3   16.919683  21.121799   5.951611
 191        "q-u+s"    3    7.595514   7.783725   7.680949
 192        "q-u+y"   15   39.006191  47.221565  41.802044
 193        "t-a+k"   16   24.929962  34.782467  99.865707
 194        "t-a+m"   22   51.213669  55.916702  57.325718
 195        "t-a+n"    3    6.613032  10.009004   9.109073
 196        "t-a+p"    3    8.993197  13.790011  13.898767
 197        "t-a+q"  115  234.315247 352.871460 292.967041
 198        "t-a+r"    7   10.985741  16.432045  17.108732
 199        "t-a+s"    3    6.790792  17.134062  11.072327
 200        "t-a+t"   10   17.096346  27.139708  33.652477
 201        "t-a+w"   19   29.797993  54.464230  54.624802
 202        "t-a+y"   41   62.810337  72.889465  72.475327
 203       "o-rr+a"    3   20.020664  11.000458   8.809234
 204       "s-al+n"   38  144.167206  93.541817 200.977661
 205       "s-al+t"    3   12.673295   6.259511  16.719162
 206       "s-al+y"   24  102.718788  54.761917  67.102806
 207        "t-i+n"   31   81.588852 155.899628  74.216873
 208        "t-i+q"    3    8.545317   8.518375   6.479929
 209        "t-i+w"    4    9.716420   8.973631  16.023006
 210       "y-k+ul"    3   20.977154   8.437651  18.948280
 211        "ch-al"    8   50.260284  25.203993  77.857056
 212       "k-u+ll"    3    6.919676   5.999995   7.812399
 213        "t-m+i"   23  160.484222  32.185158  28.618778
 214         "ll+a"   60  251.291519 158.880844 133.903809
 215         "ll+i"   14   40.310055  27.648346  18.480444
 216         "ll+u"   16   49.450939  30.675146  26.026169
 217         "ll-a"   15   47.065365  58.285595  60.843361
 218         "ll-i"    3    6.756765  13.108934  17.480314
 219         "n-al"   81  407.996704 220.502411 584.199158
 220      "al-y+ch"   25  126.284172 155.569153 148.504486
 221        "t-o+s"   15   42.829430  39.797165  35.560589
 222       "u-t+al"    3   11.980565   5.111775   5.884897
 223      "al-y+ll"   15   83.532043  44.200249  43.125881
 224      "al-y+ul"    7   29.181900  31.854750  18.114637
 225       "m-u+ch"    7   17.061813  16.167730  36.432316
 226       "a-n+al"   62  203.472198 166.835068 213.286560
 227       "a-n+ch"   15   46.600075  66.385162  54.959770
 228        "j-e+r"    3    6.999732   7.999844   3.025645
 229       "a-ll+a"   61  249.913498 159.905609 144.364227
 230       "a-ll+i"   97  413.018555 228.269608 150.574905
 231       "a-ll+p"    6   42.582027  11.013438   9.401039
 232        "t-u+k"   16   18.493921  30.318048  77.216515
 233        "t-u+n"   22   46.546867  67.958786  44.430740
 234        "t-u+r"    3    6.776947  12.996188   7.808376
 235        "w-a+k"   12   17.609966  21.157698  67.640282
 236        "w-a+n"   56   87.575363 154.515915 108.975273
 237        "w-a+q"    4   10.704324  15.294799  10.775414
 238        "w-a+r"   16   34.608150  34.204117  37.082802
 239        "w-a+s"   50   72.868523  83.809265 143.550659
 240        "w-a+t"    9   15.866316  14.426288  40.849426
 241        "w-a+y"   33   39.725731  40.343288  61.194317
 242       "i-ch+a"   77  386.909058 164.938461 166.909943
 243       "i-ch+i"   11   76.826225  21.319454  13.676994
 244       "i-ch+u"   25  132.403000  53.265652  46.087772
 245       "i-ch+w"    9   30.841896  14.535331  18.790413
 246      "ll-a+ch"    4   13.527493  19.677855  21.255753
 247       "n-q+ul"    3   15.804518  10.195357   9.999375
 248        "w-i+x"    9   22.798868  18.100298  24.815676
 249       "h-a+ch"   20   27.101019  39.114326 123.388298
 250         "ul-a"   12   35.405247  55.832157  37.787598
 251        "w-k+a"    9   34.061672  18.917101  14.856362
 252       "q-u+ll"  108  320.741547 504.651428 423.778351
 253        "al+ll"    7   35.880478  20.444733  27.270208
 254       "k-ch+a"    5   13.383023   8.260316  12.930461
 255          "a+h"    3    5.411353   5.241435   3.000000
 256          "a+m"   16   48.528221  95.763977  68.095909
 257          "a+n"   12   40.775711  61.090652  43.716793
 258          "a+p"   28   66.670830  62.179630 113.092224
 259          "a+q"    6   12.470874  12.985043  34.369438
 260          "a+r"   28  102.187958 122.278343  85.590172
 261          "a+s"   49  126.435623 167.200806 163.810928
 262          "a+t"   16   36.597832  43.719616  66.301537
 263          "a+w"    3    6.039915  26.389391   8.646172
 264          "a+y"   25   72.087952 312.329193  85.268127
 265          "a-k"   29   33.286125  31.535954  36.423920
 266          "a-m"  137  467.114410 240.188202 245.016922
 267          "a-n"  189  406.225372 531.878662 426.453278
 268          "a-q"  180  376.796875 540.275574 292.313660
 269          "a-s"   60  152.447052 211.678986  86.246162
 270          "a-w"   17   84.894829  35.714836  33.192501
 271          "a-y"  267  776.461670 1297.660034 887.437012
 272        "j-u+n"   15   22.665478  18.684267  23.587498
 273       "rr-a+y"    3    3.190257   3.004975   3.251716
 274        "w-p+a"   12   42.294403  20.550873  40.741257
 275        "w-p+i"    5   13.831557   7.118155   7.949807
 276          "b+a"   27   90.975693 125.026375  65.276756
 277        "m-a+m"   17   27.790131  59.977005  49.128700
 278        "m-a+n"  380  732.468506 1328.219604 785.699158
 279        "m-a+p"   18   36.476498  69.638466  73.727341
 280        "m-a+q"   12   15.348781  22.015778  29.570189
 281        "m-a+r"    5   11.412543  14.248054  10.241777
 282        "m-a+s"    6   12.310333  13.362777  18.951174
 283        "m-a+t"    9   16.629845  24.212317  34.845890
 284        "m-a+y"  104  171.528564 242.121307 210.546600
 285          "c+a"    3    5.270522   7.664672   3.000061
 286        "w-r+a"    5    8.999982   5.000600  10.669950
 287       "s-u+ll"    4    7.960392   9.265367  26.770683
 288       "n-i+ch"    3    7.926375  16.993191  15.753554
 289        "w-s+a"   20   85.703857  84.679398  63.578346
 290       "n-i+ll"    3    6.037986  32.884029   6.171492
 291        "m-e+i"    3   16.735466   7.001100   4.904033
 292          "h+a"   90  467.977753 122.302368  90.227676
 293          "h+i"   91  195.083191 100.545578  91.112801
 294          "h+u"  115  179.813950 132.567673 115.627457
 295          "i+m"  112  297.805054 445.387512 434.450378
 296          "i+s"   60  169.713470 135.389343 156.826080
 297          "i-k"    3    4.695551   3.090074   3.136755
 298          "i-m"   18   72.435379  23.629065  26.674616
 299          "i-n"  119  190.503204 376.571838 260.621277
 300          "i-q"   35   73.873520  67.615471  53.203583
 301          "i-s"    3   11.846641  10.995230   4.000266
 302          "i-w"   14   73.051552  29.694580  27.448383
 303          "i-y"   16   32.788719  54.270378  41.580326
 304          "j+u"   15   62.369980  32.398071  48.492653
 305        "m-i+k"    6   12.106232  12.447365  35.508835
 306        "m-i+n"   10   15.732919  20.473537  13.655972
 307        "m-i+p"    4    7.228093  11.054132  20.673431
 308        "m-i+s"    4    5.020043  14.353915  10.818559
 309          "k+a"  388  579.607483 493.422089 503.437256
 310          "k+i"   46   83.066078  66.514473  50.198292
 311          "k+u"   52   90.062859  79.730797  70.469109
 312          "k-a"  105  206.614685 341.925995 374.820007
 313          "k-e"    3    3.123234   4.019282   5.857454
 314          "k-i"   54   77.072731 267.821136 217.869583
 315          "k-u"   47   87.506691 149.581070 208.506622
 316       "p-i+al"    3    7.144051   7.718660  12.133913
 317       "p-i+ch"   12   14.709404  19.965578  49.181507
 318          "l-i"    3   10.154593   6.701057   7.309793
 319       "i-n+al"   16   42.769695  42.462559  56.595715
 320       "i-n+ch"   13   53.771198  35.155689  46.298557
 321       "i-n+ll"    4   20.285955  10.081855   5.034052
 322        "m-k+a"    9   35.965210  18.408203  14.201380
 323          "m+a"  261  933.942566 549.873352 398.526489
 324          "m+e"    3    7.999945   4.000000   6.267306
 325          "m+i"    4   25.109562   5.511527   4.001410
 326          "m+u"   29  103.822556  44.463905  37.706959
 327          "m-a"   57   82.986252 255.384308 165.388687
 328          "m-i"  127  209.408981 512.871399 450.074829
 329       "i-ll+a"   26   58.477684  70.584549  62.231777
 330          "n+i"   44   57.401363 133.712708  66.278099
 331          "n-a"  229  432.458832 1057.398315 737.448669
 332          "n-i"   11   24.106548  57.380409  44.447159
 333          "o-s"    4    9.926706  13.173039   4.912906
 334          "p+a"  110  111.339806 110.511658 151.981232
 335          "p+i"   29   30.935602  29.112822  30.827816
 336          "p+u"   26   32.146297  47.137840  43.016876
 337          "p-a"  147  327.503601 617.793396 574.233215
 338          "p-i"   97  245.909805 449.920349 340.462921
 339          "p-u"   12   20.254379  23.362223  22.558651
 340       "n-a+al"   11   26.692051  96.132942  55.226265
 341       "n-a+ch"   11   25.666218  38.325649  56.313877
 342          "q+i"   73  112.691742 107.402405 116.135483
 343          "q+u"  111  162.131958 131.062256 183.315262
 344          "q-i"   87  187.236954 301.290649 318.594055
 345          "q-u"   18   46.124241  71.141151  46.538364
 346       "n-a+ll"   58  130.422455 250.906326 200.097534
 347        "m-p+a"   15   45.023018  25.277142  41.147060
 348        "m-p+i"    3    9.747125   5.169366   3.857744
 349          "r+a"    6   14.999334   6.068520   7.732842
 350          "r+i"   56  131.811844  78.928200  69.231720
 351          "r+u"   84  178.143021 108.293121  97.584946
 352          "r-a"    6   12.508093  20.564083  21.712605
 353          "r-i"   28   62.389996 242.044006 135.309494
 354          "r-u"    3    5.552438  12.784312   9.896515
 355        "c-a+j"    3    6.032266   6.945943  15.613841
 356          "s+a"   29   52.423954 109.524437  79.732307
 357          "s+e"    4    5.083920   8.916063   9.999995
 358          "s+i"   41  112.177689 210.496231  94.055023
 359          "s+o"   10   14.642075  13.756091  14.915747
 360          "s+u"   80  169.620575 522.913269 203.707123
 361          "s-a"   18   38.186134  52.738609  56.358002
 362          "s-i"   14   26.942413  53.282539  39.426987
 363          "t+a"   66   72.880760  74.829086 105.532768
 364          "t+u"   19   28.641912  21.958563  24.356205
 365          "t-a"  287  575.887756 1058.401245 957.601563
 366          "t-i"    5   10.997705  14.955927  19.299129
 367        "m-s+a"   24   94.131981  80.488113  74.669449
 368          "u+k"    6   15.504269  15.044649  23.160873
 369          "sil" 6662  17125.427734 2608.000000 8438.443359
 370          "u+m"    9   42.449665  31.660772  22.934986
 371          "u+r"    9   39.394260  35.948009  31.763662
 372          "u+s"   19   54.424809  43.384502  40.824699
 373          "u+t"   33  154.742035  90.806808 132.173920
 374          "u+y"   10   52.182652  56.074158  28.198563
 375          "u-k"   54   74.161835  60.226437  66.326874
 376          "u-m"    5   15.760396   8.150494  11.233310
 377          "u-n"   33   53.980625  96.731430  72.026970
 378          "u-s"   15   50.969814  43.868389  27.418079
 379          "u-y"   53  158.030579 132.795135 175.728073
 380          "v+e"    3   10.995597  13.970178  12.836600
 381        "m-u+h"    3    7.320930   8.947215  31.356981
 382        "m-u+n"   19   34.808590  37.819870  34.341400
 383        "m-u+s"    3    5.363877   9.987427   8.823014
 384          "w+a"  108  319.439911 287.710968 201.239166
 385          "w+i"   15   46.693127  28.199383  25.582884
 386          "w-a"   38   49.257984  73.110710 107.100899
 387       "p-a+al"    7   21.784288  35.878262  35.292202
 388       "p-a+ch"   40   63.353844 105.650162 224.187103
 389        "p-a+m"   14   29.255304  46.887257  52.207642
 390        "p-a+n"   32   64.111778 113.891792  73.055397
 391        "p-a+p"   17   24.895092  48.138027  67.294868
 392        "p-a+q"   36   77.740547  97.724716  99.433693
 393        "p-a+s"   62  116.393486 171.377274 187.669006
 394        "p-a+t"   32   56.368378  97.382355 146.973022
 395        "p-a+w"    3    5.671227   5.577683   8.674829
 396        "p-a+y"   39   78.130150 102.974953  81.410019
 397          "x+a"   28  106.315720  82.019562  76.848778
 398          "x+i"   30  159.203720  80.069862  45.261120
 399          "x+u"    5   30.160788  13.649972  12.004747
 400          "x-a"   11   28.921043  50.490749  46.046837
 401       "p-a+ll"    3    8.969730   8.999948  11.312537
 402          "y+a"   60   87.028358 124.921883 160.720276
 403          "y+u"   10   13.381628  11.200798  23.139782
 404          "y-a"   23   87.690163 165.076950 100.806435
 405          "y-u"   41  146.254974 104.234421 105.587410
 406       "t-i+ch"    5   13.662833  15.218656  25.447680
 407         "x+ul"   25   83.342003  55.767509  58.237152
 408        "p-i+k"    3    6.196028   6.123869  15.649828
 409        "p-i+m"   21   46.042412  71.170662  57.722530
 410        "p-i+p"    7   11.484948  25.671783  36.430374
 411        "p-i+r"   12   23.496878  54.747910  25.733295
 412        "p-i+s"    3    6.000028   3.003687  14.349470
 413        "c-o+m"    3    6.455977   3.949865   4.878639
 414        "c-o+p"   24   46.982517 104.087532  86.725349
 415       "u-ch+a"   26  130.310059  59.820599  60.530560
 416       "u-ch+i"    7   39.318840  15.000643  11.437030
 417       "u-ch+u"   13   72.452454  34.156490  20.271921
 418        "c-r+e"    4    8.694382   6.340595   4.961576
 419        "p-m+i"    3   10.458430   4.541553   3.000194
 420       "t-a+al"   27   65.727371 142.947266 132.496460
 421       "t-a+ch"    3    7.376575   9.513217  18.110088
 422       "k-ul+a"    3    5.632115  10.331496  24.173410
 423       "al-l+i"    3    5.032225   4.300009  14.520823
 424       "q-ll+a"   10   34.683205  24.426895  23.159401
 425       "al-m+a"    3   16.594763   9.404998   6.977030
 426       "al-m+p"    7   32.216331  10.020902   8.876205
 427        "p-t+i"   14   38.757027  30.304174  25.401407
 428       "al-n+a"    6   25.260296  19.053976  17.682180
 429       "al-n+m"    8   27.782196  21.594553  10.436185
 430       "al-n+t"   19   76.348747 101.294594  67.388100
 431        "p-u+n"   22   65.987190  65.884743  42.269890
 432        "p-u+s"   15   32.340096  35.727787  35.852764
 433        "p-u+y"   10   34.822006  26.151699  27.984234
 434       "al-p+i"    3   16.004147   4.987000   4.128670
 435       "al-p+m"    3    8.145245   3.419222   4.999969
 436        "s-a+m"    3    5.851816   5.147132   9.011772
 437        "s-a+n"    4    7.167338  11.096834   6.394892
 438        "s-a+p"   19   47.145828  52.020237  82.528870
 439        "s-a+q"   18   38.276360  48.410076  44.505116
 440        "s-a+s"    7    9.193968  12.937778  18.054289
 441        "s-a+t"    3    7.031592  11.968386  12.485896
 442        "s-a+y"   30   62.317043  59.486588  61.094906
 443       "y-ch+a"   25  129.352386  53.697777  57.318394
 444       "al-r+i"    3   10.283455   3.794379   7.470196
 445       "s-n+ul"    3    2.999968   5.999592   5.000283
 446       "al-s+p"    3   19.871973  14.312020   6.323216
 447       "s-ll+a"    8   10.557966  15.599220  21.194588
 448       "al-t+a"    8   28.985487  12.192095  21.051395
 449        "s-e+c"    4    5.052238  12.950579   6.997344
 450       "x-a+ch"    3    5.203526  11.870566  19.447914
 451       "al-w+a"   12   87.195175  40.382893  23.913874
 452        "s-i+m"   37   73.432632 100.302010 112.562065
 453        "s-i+p"   15   32.109585  53.146088  68.382210
 454        "s-i+q"    5   10.006472  14.994637   5.998020
 455        "s-i+w"    3    6.000000   3.116355  11.811248
 456      "al-s+al"    9   48.150959  45.709740  15.098311
 457       "u-n+al"    3    9.769145  15.018185   8.152830
 458       "u-n+ch"   17   60.020363  53.363560  54.402649
 459       "al-y+a"   18   77.605896  57.218937  50.202415
 460       "al-y+k"    6   30.803610  23.286556  37.706303
 461      "ll-al+m"    3   18.427855   8.411560  21.918652
 462      "ll-al+n"    6   30.707743  21.766356  39.232491
 463      "ll-al+p"    3   18.778446   9.290330  26.704882
 464      "ll-al+q"    3    9.834553   9.961581  21.795929
 465      "ll-al+s"   12   46.426262  37.821911  84.294823
 466      "ll-al+t"    5   30.321424  17.268595  40.768402
 467       "u-ll+a"   14   55.398434  42.384602  36.341663
 468       "u-ll+i"   10   36.709763  21.560953  14.900668
 469       "u-ll+p"    4    5.704537   4.286787   6.314683
 470       "u-ll+q"  108  237.058105 146.419785 142.911148
 471        "s-k+a"   54  200.168488 115.148964  87.252586
 472        "s-k+i"    7   38.055454  15.109000  10.493754
 473        "s-m+a"    7   31.073359  13.867177  15.902228
 474        "s-m+i"   10   33.993431  12.560565  11.119748
 475        "s-n+i"    9   17.032326  28.248476  18.566977
 476        "s-o+l"   10   15.068758  13.814519  16.716097
 477         "y-al"   60  332.979736 174.234314 534.556335
 478        "s-p+a"  102  316.105103 269.932617 324.092957
 479         "y-ul"   70  236.486023 235.276794 251.614029
 480        "s-q+u"    9   13.797475  24.924425  21.693110
 481        "s-t+a"   10   18.747889  16.424725  26.293247
 482       "a-y+al"   42  170.860474 155.060272 248.692230
 483        "s-u+m"   12   33.979088  36.102303  27.827274
 484        "s-u+n"    7   17.002884  23.069864  13.954153
 485        "s-u+y"   60   96.543205 116.270065 150.062439
 486       "a-y+ll"    4   22.227640  12.231509  10.838095
 487       "a-y+ul"   31  104.767029  93.075073  77.014595
 488       "s-ul+t"    9   12.378753  37.849648  72.809837
 489        "s-w+a"   27  103.649063  65.187248  46.927296
 490       "y-ll+a"   15   45.101795  45.824089  38.832005
 491       "y-ll+u"    4   13.872011   7.315565   8.892167
 492        "v-e+n"    3    4.194492   3.002876   3.000000
 493        "i-k+e"    3   12.028194   5.972214   3.993688
 494        "i-k+i"   20  110.351486  38.867710  22.806372
 495        "i-k+u"   40  198.166580 100.578133  57.988338
 496         "q-al"    3    2.999960   6.972569  28.866421
 497         "q-ul"    3    2.999914  16.730722  18.681763
 498        "i-m+a"  164  727.945923 339.731750 246.143387
 499        "i-m+i"   26  111.459122  41.771397  40.122189
 500        "i-m+s"   24   99.137726  35.951607  35.446434
 501        "i-m+u"    3   30.213547   3.762944   3.855324
 502        "i-n+a"  102  158.031265 336.234131 285.520905
 503        "i-n+i"    3    4.870849  16.978491   4.021377
 504        "i-n+m"   23   42.260662  32.381542  30.866142
 505        "i-n+p"    9   24.049561  26.343756  23.541204
 506        "i-n+t"   22   39.673744  88.147781  53.733242
 507        "i-p+a"   13   51.393925  18.275402  40.275131
 508        "i-p+i"   13   60.109501  27.734632  25.650558
 509      "i-ll+al"   64  150.164658 117.688179 141.125778
 510        "i-q+i"   30   86.118340 108.540489  63.003563
 511        "i-q+m"   10   27.903687  35.461334  40.006588
 512        "i-q+p"    3   11.523613  32.193424   8.256901
 513        "i-q+s"    3   11.028108  12.121451   4.806396
 514        "i-q+t"    6   19.518272  13.109820  14.155207
 515       "a-q+ll"   10   31.828665  18.509415  39.735992
 516        "i-r+a"    8   18.381626   8.184545  13.084666
 517        "i-r+i"    3    3.748470   2.999991   3.000211
 518        "i-r+w"    4   12.933357   4.805678   7.155030
 519        "i-s+k"   55  224.529663 236.779022 130.427795
 520        "i-s+n"    9   24.873823  35.699326  35.829887
 521        "i-s+p"   21   90.639046  75.209511  46.244328
 522        "i-s+q"    9   38.739132  41.316135  19.977543
 523        "i-s+t"    4    9.968799   6.333646   6.898802
 524        "i-t+a"   37  148.071594  73.433777  98.710907
 525         "i+ch"   70  179.826462 224.036057 370.818329
 526        "i-w+a"    7   52.100246  23.076767  27.151953
 527        "i-x+a"    9   45.653015  30.847164  28.289917
 528         "i-al"    6   25.837271  21.516752  52.786106
 529        "i-y+a"    9   20.244164  80.743507  43.145393
 530        "i-y+k"    9   39.097034  38.502823  54.265972
 531        "i-y+t"    3    8.276042  10.978790  12.045002
 532      "al-t+ul"    4   24.996529   6.999994   8.997782
 533        "l-e+s"    6   12.975430  16.216997  13.791227
 534        "y-a+k"   24   69.049889  64.232407 153.127716
 535        "y-a+n"    9   30.376839  33.134762  24.576548
 536        "y-a+p"   11   28.511820  16.848558  42.676773
 537        "y-a+r"    4   18.132696  30.714426  15.026807
 538        "y-a+s"    5   17.474037  21.993176  20.001629
 539        "y-a+y"    6   16.154804  18.664118  21.491350
 540       "y-ul+k"    3    8.841455  13.085132  31.145018
 541        "l-i+s"    4    7.513461   7.241354   9.946362
 542      "ll-u+ll"   11   19.339146  23.045782  24.200939
 543       "i-y+al"   13   50.047352  47.597752  77.112167
 544       "i-y+ul"   35   49.856415  69.269562  90.168579
 545         "a+ch"    7   20.026020  25.255535  41.481239
 546         "a+ll"   88  231.431702 300.844910 315.102112
 547        "y-h+i"    3   13.989065   4.000762   2.999971
 548       "ch-a+k"   44  103.341171  93.582382 142.652924
 549       "ch-a+m"    8   15.241041  21.796499  27.670618
 550       "ch-a+n"   30   83.948433 103.545845  70.318771
 551       "ch-a+q"    5   17.895987  17.089306  25.922031
 552       "ch-a+s"   20   64.745270  66.223709  76.333252
 553       "ch-a+w"   39   92.677650  75.146515  95.178177
 554       "ch-a+y"  253  493.094513 542.960266 394.874969
 555       "h-u+ch"   32   54.187286  58.705170 142.276718
 556         "a-al"  128  701.599670 359.179596 1021.392029
 557        "y-k+a"   22  114.620583  38.672382  48.522545
 558        "y-k+i"   28  146.351395  50.184422  31.887495
 559        "b-a+n"   27   34.317654  39.508793  39.618217
 560        "y-k+u"   34  177.699402  78.060905  60.264351
 561       "ul-a+p"    4   19.082514  24.385944  18.507490
 562       "ul-a+y"    3   13.798791   6.871153   5.002748
 563        "y-m+a"   40  175.354141  90.269417  63.232121
 564        "y-m+i"   27  126.386627  39.326527  36.761532
 565        "y-n+a"   98  205.392807 290.803070 256.177795
 566        "y-n+i"   26   57.768131 109.511711  48.361614
 567       "t-al+y"    3   29.049982   8.998577  19.803885
 568         "r-al"    7   41.279861  16.969088  35.101437
 569        "y-p+a"    7   29.767317  12.723100  23.204906
 570        "y-p+i"   34  145.025070  63.694077  58.188259
 571       "ch-i+k"   14   18.821257  55.351822  68.274185
 572       "ch-i+m"    3    3.936629   3.931835  10.089425
 573       "ch-i+n"    5    8.697492  16.338436  14.437612
 574       "ch-i+q"   37   47.870739 117.570518 101.540642
 575       "ch-i+s"   28   37.387993  59.618519  64.023483
 576       "ch-i+y"   18   22.603392  49.821186  23.210815
 577        "y-q+i"    7   23.768660  29.612057  19.239819
 578        "y-r+a"    5   10.354166   6.601717   8.143074
 579      "ch-i+al"    3    4.000000   6.000046  16.786755
 580       "i-q+al"    3    8.007155   9.992972   2.999960
 581       "ch-k+a"   30  134.941895  68.384483  53.438503
 582        "y-s+i"    3   11.961022  11.023118   5.999846
 583        "y-t+a"  100  387.767303 188.504135 246.068466
 584        "y-u+k"    4   13.971222  19.339342  22.352566
 585        "y-u+p"   18   53.939194  38.926487  68.296349
 586        "y-u+y"    7    8.224954   7.964986  10.158487
 587       "a-r+al"    7   17.650061   9.634085  13.510805
 588       "ul-k+u"    3   26.444052   8.085706   4.030156
 589        "y-w+a"   10   41.466949  31.462788  20.066469
 590        "o-l+e"    6   24.139591  18.864136  11.972731
 591        "o-l+i"    4   19.088743  10.933627  18.387930
 592       "ul-p+a"    4   19.767750   7.972593  12.768519
 593       "ch-u+n"   67  173.330444 251.804901 147.338409
 594       "ch-u+p"    3    5.999943   5.000380  12.293983
 595       "ch-u+r"   19   34.512314  53.855576  37.107834
 596       "ch-u+s"   15   23.861845  41.408264  41.238731
 597       "ch-u+y"    6    8.174550   8.647040  19.547745
 598        "o-m+a"    6   23.825937  15.507582  13.872746
 599       "ul-r+i"    3   13.680845   5.973159   6.964030
 600      "ch-a+al"   60  196.813614 215.697388 243.075165
 601       "ch-w+a"    9   13.512836  11.513542  24.601437
 602      "ch-a+ll"    3    7.458655   6.129580  10.675794
 603        "o-p+i"   24   78.921555  65.954811  49.899139
 604       "ul-t+a"    9   45.729141  19.648123  27.878685
 605        "e-c+r"    4    7.999753   5.999996   3.999996
 606        "o-s+m"    7   18.176168  11.871649  19.181398
 607        "o-s+p"    4   12.052755   9.935836   9.225550
 608       "ul-y+a"    3    5.991002   4.269054  15.768998
 609       "p-u+ll"   10   21.250036  21.231190  24.939980
 610       "k-i+ch"    3    5.914241  15.245773  17.336426
 611       "k-i+ll"   13   17.075676  48.513592  34.507473
 612        "r-a+n"   26   76.883553 160.077362  88.427856
 613        "r-a+q"   14   39.680847  50.412544  36.190258
 614        "r-a+s"    3   10.843426  12.151624  10.999618
 615        "r-a+y"   30   60.389938  75.533623  50.615005
 616        "e-i+k"    3    3.036710   3.767650   7.293564
 617      "al-m+al"    4   27.569094   7.399823   8.605077
 618        "r-e+t"    4   10.002302  10.000871  12.120264
 619       "i-a+al"    5   14.600117  22.436913  17.006680
 620        "e-n+t"    3    3.000623   3.029049   4.026077
 621         "s+ul"    9   24.986168  49.565094  31.534271
 622        "r-i+a"    5   10.626597  28.325024  13.151664
 623        "r-i+k"    5    9.797403  13.443842  33.773075
 624        "r-i+m"   38   73.901794  92.249466 111.112846
 625        "r-i+n"   14   26.825729  56.029758  32.158566
 626        "r-i+q"    3    8.858164   3.197717   6.746469
 627        "r-i+s"    3    7.261662  12.013324   7.783954
 628        "r-i+y"   19   37.428177  59.923210  26.376657
 629         "s-al"   57  216.478500 143.746109 456.259003
 630       "u-y+al"    5   17.699831  27.349672  34.570610
 631        "e-r+o"    3    7.771428   6.049042   4.137884
 632       "k-a+ch"   26   51.326317  74.565948 152.586807
 633       "k-a+ll"    3    4.968530   7.018498   8.052993
 634        "r-m+a"    3   15.254017   6.735044   5.390314
 635        "r-m+i"    6   22.684639   7.966381   7.013329
 636        "e-s+t"    6    8.033818   6.002994   7.902250
 637       "n-ch+a"   32  134.603043  67.380989  68.628014
 638       "n-ch+i"   17   71.938438  31.541090  20.085205
 639       "n-ch+u"    8   36.805511  26.766293  12.817313
 640        "e-t+a"    4    6.879902   5.002578  11.822525
 641        "r-o+m"    3    4.015788   7.996539   5.855069
 642       "a-s+al"   59  264.527252 319.144287 132.273178
 643       "a-s+ll"    8   40.594307  37.267719  23.768862
 644        "r-p+u"    7   45.636116  22.132463  13.269866
 645        "h-a+m"    3    3.967313   7.030307  12.349764
 646        "h-a+t"   22   47.727867  62.841694  95.767563
 647        "h-a+w"   23   36.346458  52.461815  55.338448
 648        "h-a+y"   22   39.789700  46.937641  54.372444
 649        "r-q+u"   21   99.381180  82.918159  66.918488
 650       "m-a+ch"   77  137.407639 181.254349 488.611542
 651       "m-a+ll"    9   23.110615  27.222597  33.349838
 652        "r-u+n"   54  105.946136 170.676346 105.465477
 653        "r-u+r"   20   44.806011  61.763866  35.328186
 654        "r-u+w"   10   15.510844  11.280383  16.892582
 655       "q-i+al"    3    8.193530  14.003502  23.469757
 656       "q-i+ch"   16   31.771648  53.032116  82.197220
 657       "q-i+ll"   64  146.807663 204.860474 207.668533
 658         "k-ul"    5    4.999929  18.339674  33.522629
 659        "r-w+a"    4   18.079380  14.788165   7.167784
 660        "h-i+n"   97  125.788284 187.213104 178.411346
 661      "i-ch+al"   12   58.457516  24.769342  16.788309
 662       "a-k+ul"    5   16.070168   9.904240   9.999857
 663       "s-i+ch"   25   60.816338 132.787033 154.284958
 664       "s-i+ll"    4    8.545145  14.053858  18.316526
 665        "u-h+u"    3    6.697612   4.999991   2.999996
 666        "u-k+a"    4   12.008904   6.325531   6.786547
 667        "u-k+n"    7   25.028872  13.721147  11.358398
 668        "u-k+u"   29  132.815140  57.529976  38.283855
 669         "al+l"    3   19.950275   9.812902  20.168446
 670         "al+m"   11   45.151890  25.900274 101.632027
 671         "al+n"   17   70.946602  40.002499 112.418869
 672         "al+r"    3   17.883532  10.009545  24.911341
 673         "al+t"    4   17.398762  11.480899  26.634792
 674         "al+w"   12   90.759712  35.081829  82.563408
 675         "al+y"   18   77.069763  41.071846  42.948261
 676         "al-n"   16   66.362984  63.352936  43.126293
 677         "al-q"    3    8.375777   4.827177   2.999903
 678         "al-y"    3   16.132681   7.964517   6.035858
 679        "u-m+a"   21   78.413414  52.758804  33.560200
 680        "u-m+p"    5   13.970387   6.587961   6.904173
 681      "al-n+ch"   12   50.592888  33.452343  47.460575
 682        "u-n+a"  208  362.979584 711.285645 583.478149
 683        "u-n+k"   64  148.865982 277.270264 259.526123
 684        "u-n+n"    4    9.544885   8.901457   5.707419
 685        "u-n+p"    3   16.495693   8.706064   8.661476
 686        "u-n+q"    4   14.714407  10.716822  15.094704
 687        "u-n+t"   21   43.752373  64.024750  52.970753
 688      "al-ll+a"    7   46.437790  22.392567  20.202797
 689        "h-u+k"   65  108.894005 271.798340 177.288422
 690        "h-u+n"    6   10.303054  16.576702  13.998706
 691        "h-u+r"   12   33.739990  26.062824  34.423744
 692        "h-u+t"    3    8.999988   8.833244  11.551740
 693       "n-ll+a"    4    6.018661   6.941481   7.468918
 694        "u-p+a"   13   52.583549  25.075491  43.573753
 695        "u-p+i"   12   57.040588  24.853813  22.647091
 696        "u-p+u"    5   19.383255  49.170448  12.786964
 697        "k-a+m"   86  198.583771 231.697220 323.801910
 698        "k-a+n"  122  273.913757 505.567688 284.401489
 699        "k-a+p"   11   28.350183  35.397724  52.805408
 700        "k-a+q"   27   63.667236  92.746513  99.510536
 701        "k-a+r"    7   21.022839  41.079651  29.661993
 702        "k-a+s"   41   82.612625 118.805824 155.464020
 703        "k-a+w"   20   38.361774  40.809380  47.996632
 704        "k-a+y"  132  188.626770 257.171844 242.198517
