~h "a"       
<BEGINHMM>
<NUMSTATES> 5
<STATE> 2
<MEAN> 25
 4.004201e-009 4.336405e-009 -1.086637e-008 3.575632e-009 -1.638197e-009 5.670293e-009 -3.372759e-009 5.333017e-009 6.816524e-009 -3.727787e-009 -3.339792e-009 -3.803864e-009 4.441586e-002 1.436795e-002 -9.186347e-003 -1.439236e-002 -1.671448e-002 -3.019709e-002 -4.453990e-002 -2.910333e-002 -1.796257e-002 -1.925735e-002 -3.220973e-002 -1.678848e-002 1.451607e-002
<VARIANCE> 25
 3.807225e+001 5.414773e+001 4.769022e+001 5.493352e+001 7.003593e+001 5.183953e+001 6.728757e+001 6.326799e+001 4.499415e+001 4.332259e+001 4.862387e+001 3.257064e+001 2.787204e+000 3.115320e+000 2.779195e+000 3.862770e+000 4.704492e+000 4.404606e+000 4.765979e+000 4.597137e+000 3.602696e+000 3.602784e+000 3.644086e+000 2.764743e+000 4.016860e+000
<GCONST> 1.098622e+002
<STATE> 3
<MEAN> 25
 4.004201e-009 4.336405e-009 -1.086637e-008 3.575632e-009 -1.638197e-009 5.670293e-009 -3.372759e-009 5.333017e-009 6.816524e-009 -3.727787e-009 -3.339792e-009 -3.803864e-009 4.441586e-002 1.436795e-002 -9.186347e-003 -1.439236e-002 -1.671448e-002 -3.019709e-002 -4.453990e-002 -2.910333e-002 -1.796257e-002 -1.925735e-002 -3.220973e-002 -1.678848e-002 1.451607e-002
<VARIANCE> 25
 3.807225e+001 5.414773e+001 4.769022e+001 5.493352e+001 7.003593e+001 5.183953e+001 6.728757e+001 6.326799e+001 4.499415e+001 4.332259e+001 4.862387e+001 3.257064e+001 2.787204e+000 3.115320e+000 2.779195e+000 3.862770e+000 4.704492e+000 4.404606e+000 4.765979e+000 4.597137e+000 3.602696e+000 3.602784e+000 3.644086e+000 2.764743e+000 4.016860e+000
<GCONST> 1.098622e+002
<STATE> 4
<MEAN> 25
 4.004201e-009 4.336405e-009 -1.086637e-008 3.575632e-009 -1.638197e-009 5.670293e-009 -3.372759e-009 5.333017e-009 6.816524e-009 -3.727787e-009 -3.339792e-009 -3.803864e-009 4.441586e-002 1.436795e-002 -9.186347e-003 -1.439236e-002 -1.671448e-002 -3.019709e-002 -4.453990e-002 -2.910333e-002 -1.796257e-002 -1.925735e-002 -3.220973e-002 -1.678848e-002 1.451607e-002
<VARIANCE> 25
 3.807225e+001 5.414773e+001 4.769022e+001 5.493352e+001 7.003593e+001 5.183953e+001 6.728757e+001 6.326799e+001 4.499415e+001 4.332259e+001 4.862387e+001 3.257064e+001 2.787204e+000 3.115320e+000 2.779195e+000 3.862770e+000 4.704492e+000 4.404606e+000 4.765979e+000 4.597137e+000 3.602696e+000 3.602784e+000 3.644086e+000 2.764743e+000 4.016860e+000
<GCONST> 1.098622e+002
<TRANSP> 5
 0.000000e+000 1.000000e+000 0.000000e+000 0.000000e+000 0.000000e+000
 0.000000e+000 6.000000e-001 4.000000e-001 0.000000e+000 0.000000e+000
 0.000000e+000 0.000000e+000 6.000000e-001 4.000000e-001 0.000000e+000
 0.000000e+000 0.000000e+000 0.000000e+000 7.000000e-001 3.000000e-001
 0.000000e+000 0.000000e+000 0.000000e+000 0.000000e+000 0.000000e+000
<ENDHMM>    
~h "ch"      
<BEGINHMM>
<NUMSTATES> 5
<STATE> 2
<MEAN> 25
 4.004201e-009 4.336405e-009 -1.086637e-008 3.575632e-009 -1.638197e-009 5.670293e-009 -3.372759e-009 5.333017e-009 6.816524e-009 -3.727787e-009 -3.339792e-009 -3.803864e-009 4.441586e-002 1.436795e-002 -9.186347e-003 -1.439236e-002 -1.671448e-002 -3.019709e-002 -4.453990e-002 -2.910333e-002 -1.796257e-002 -1.925735e-002 -3.220973e-002 -1.678848e-002 1.451607e-002
<VARIANCE> 25
 3.807225e+001 5.414773e+001 4.769022e+001 5.493352e+001 7.003593e+001 5.183953e+001 6.728757e+001 6.326799e+001 4.499415e+001 4.332259e+001 4.862387e+001 3.257064e+001 2.787204e+000 3.115320e+000 2.779195e+000 3.862770e+000 4.704492e+000 4.404606e+000 4.765979e+000 4.597137e+000 3.602696e+000 3.602784e+000 3.644086e+000 2.764743e+000 4.016860e+000
<GCONST> 1.098622e+002
<STATE> 3
<MEAN> 25
 4.004201e-009 4.336405e-009 -1.086637e-008 3.575632e-009 -1.638197e-009 5.670293e-009 -3.372759e-009 5.333017e-009 6.816524e-009 -3.727787e-009 -3.339792e-009 -3.803864e-009 4.441586e-002 1.436795e-002 -9.186347e-003 -1.439236e-002 -1.671448e-002 -3.019709e-002 -4.453990e-002 -2.910333e-002 -1.796257e-002 -1.925735e-002 -3.220973e-002 -1.678848e-002 1.451607e-002
<VARIANCE> 25
 3.807225e+001 5.414773e+001 4.769022e+001 5.493352e+001 7.003593e+001 5.183953e+001 6.728757e+001 6.326799e+001 4.499415e+001 4.332259e+001 4.862387e+001 3.257064e+001 2.787204e+000 3.115320e+000 2.779195e+000 3.862770e+000 4.704492e+000 4.404606e+000 4.765979e+000 4.597137e+000 3.602696e+000 3.602784e+000 3.644086e+000 2.764743e+000 4.016860e+000
<GCONST> 1.098622e+002
<STATE> 4
<MEAN> 25
 4.004201e-009 4.336405e-009 -1.086637e-008 3.575632e-009 -1.638197e-009 5.670293e-009 -3.372759e-009 5.333017e-009 6.816524e-009 -3.727787e-009 -3.339792e-009 -3.803864e-009 4.441586e-002 1.436795e-002 -9.186347e-003 -1.439236e-002 -1.671448e-002 -3.019709e-002 -4.453990e-002 -2.910333e-002 -1.796257e-002 -1.925735e-002 -3.220973e-002 -1.678848e-002 1.451607e-002
<VARIANCE> 25
 3.807225e+001 5.414773e+001 4.769022e+001 5.493352e+001 7.003593e+001 5.183953e+001 6.728757e+001 6.326799e+001 4.499415e+001 4.332259e+001 4.862387e+001 3.257064e+001 2.787204e+000 3.115320e+000 2.779195e+000 3.862770e+000 4.704492e+000 4.404606e+000 4.765979e+000 4.597137e+000 3.602696e+000 3.602784e+000 3.644086e+000 2.764743e+000 4.016860e+000
<GCONST> 1.098622e+002
<TRANSP> 5
 0.000000e+000 1.000000e+000 0.000000e+000 0.000000e+000 0.000000e+000
 0.000000e+000 6.000000e-001 4.000000e-001 0.000000e+000 0.000000e+000
 0.000000e+000 0.000000e+000 6.000000e-001 4.000000e-001 0.000000e+000
 0.000000e+000 0.000000e+000 0.000000e+000 7.000000e-001 3.000000e-001
 0.000000e+000 0.000000e+000 0.000000e+000 0.000000e+000 0.000000e+000
<ENDHMM>    
~h "k"       
<BEGINHMM>
<NUMSTATES> 5
<STATE> 2
<MEAN> 25
 4.004201e-009 4.336405e-009 -1.086637e-008 3.575632e-009 -1.638197e-009 5.670293e-009 -3.372759e-009 5.333017e-009 6.816524e-009 -3.727787e-009 -3.339792e-009 -3.803864e-009 4.441586e-002 1.436795e-002 -9.186347e-003 -1.439236e-002 -1.671448e-002 -3.019709e-002 -4.453990e-002 -2.910333e-002 -1.796257e-002 -1.925735e-002 -3.220973e-002 -1.678848e-002 1.451607e-002
<VARIANCE> 25
 3.807225e+001 5.414773e+001 4.769022e+001 5.493352e+001 7.003593e+001 5.183953e+001 6.728757e+001 6.326799e+001 4.499415e+001 4.332259e+001 4.862387e+001 3.257064e+001 2.787204e+000 3.115320e+000 2.779195e+000 3.862770e+000 4.704492e+000 4.404606e+000 4.765979e+000 4.597137e+000 3.602696e+000 3.602784e+000 3.644086e+000 2.764743e+000 4.016860e+000
<GCONST> 1.098622e+002
<STATE> 3
<MEAN> 25
 4.004201e-009 4.336405e-009 -1.086637e-008 3.575632e-009 -1.638197e-009 5.670293e-009 -3.372759e-009 5.333017e-009 6.816524e-009 -3.727787e-009 -3.339792e-009 -3.803864e-009 4.441586e-002 1.436795e-002 -9.186347e-003 -1.439236e-002 -1.671448e-002 -3.019709e-002 -4.453990e-002 -2.910333e-002 -1.796257e-002 -1.925735e-002 -3.220973e-002 -1.678848e-002 1.451607e-002
<VARIANCE> 25
 3.807225e+001 5.414773e+001 4.769022e+001 5.493352e+001 7.003593e+001 5.183953e+001 6.728757e+001 6.326799e+001 4.499415e+001 4.332259e+001 4.862387e+001 3.257064e+001 2.787204e+000 3.115320e+000 2.779195e+000 3.862770e+000 4.704492e+000 4.404606e+000 4.765979e+000 4.597137e+000 3.602696e+000 3.602784e+000 3.644086e+000 2.764743e+000 4.016860e+000
<GCONST> 1.098622e+002
<STATE> 4
<MEAN> 25
 4.004201e-009 4.336405e-009 -1.086637e-008 3.575632e-009 -1.638197e-009 5.670293e-009 -3.372759e-009 5.333017e-009 6.816524e-009 -3.727787e-009 -3.339792e-009 -3.803864e-009 4.441586e-002 1.436795e-002 -9.186347e-003 -1.439236e-002 -1.671448e-002 -3.019709e-002 -4.453990e-002 -2.910333e-002 -1.796257e-002 -1.925735e-002 -3.220973e-002 -1.678848e-002 1.451607e-002
<VARIANCE> 25
 3.807225e+001 5.414773e+001 4.769022e+001 5.493352e+001 7.003593e+001 5.183953e+001 6.728757e+001 6.326799e+001 4.499415e+001 4.332259e+001 4.862387e+001 3.257064e+001 2.787204e+000 3.115320e+000 2.779195e+000 3.862770e+000 4.704492e+000 4.404606e+000 4.765979e+000 4.597137e+000 3.602696e+000 3.602784e+000 3.644086e+000 2.764743e+000 4.016860e+000
<GCONST> 1.098622e+002
<TRANSP> 5
 0.000000e+000 1.000000e+000 0.000000e+000 0.000000e+000 0.000000e+000
 0.000000e+000 6.000000e-001 4.000000e-001 0.000000e+000 0.000000e+000
 0.000000e+000 0.000000e+000 6.000000e-001 4.000000e-001 0.000000e+000
 0.000000e+000 0.000000e+000 0.000000e+000 7.000000e-001 3.000000e-001
 0.000000e+000 0.000000e+000 0.000000e+000 0.000000e+000 0.000000e+000
<ENDHMM>    
~h "h"       
<BEGINHMM>
<NUMSTATES> 5
<STATE> 2
<MEAN> 25
 4.004201e-009 4.336405e-009 -1.086637e-008 3.575632e-009 -1.638197e-009 5.670293e-009 -3.372759e-009 5.333017e-009 6.816524e-009 -3.727787e-009 -3.339792e-009 -3.803864e-009 4.441586e-002 1.436795e-002 -9.186347e-003 -1.439236e-002 -1.671448e-002 -3.019709e-002 -4.453990e-002 -2.910333e-002 -1.796257e-002 -1.925735e-002 -3.220973e-002 -1.678848e-002 1.451607e-002
<VARIANCE> 25
 3.807225e+001 5.414773e+001 4.769022e+001 5.493352e+001 7.003593e+001 5.183953e+001 6.728757e+001 6.326799e+001 4.499415e+001 4.332259e+001 4.862387e+001 3.257064e+001 2.787204e+000 3.115320e+000 2.779195e+000 3.862770e+000 4.704492e+000 4.404606e+000 4.765979e+000 4.597137e+000 3.602696e+000 3.602784e+000 3.644086e+000 2.764743e+000 4.016860e+000
<GCONST> 1.098622e+002
<STATE> 3
<MEAN> 25
 4.004201e-009 4.336405e-009 -1.086637e-008 3.575632e-009 -1.638197e-009 5.670293e-009 -3.372759e-009 5.333017e-009 6.816524e-009 -3.727787e-009 -3.339792e-009 -3.803864e-009 4.441586e-002 1.436795e-002 -9.186347e-003 -1.439236e-002 -1.671448e-002 -3.019709e-002 -4.453990e-002 -2.910333e-002 -1.796257e-002 -1.925735e-002 -3.220973e-002 -1.678848e-002 1.451607e-002
<VARIANCE> 25
 3.807225e+001 5.414773e+001 4.769022e+001 5.493352e+001 7.003593e+001 5.183953e+001 6.728757e+001 6.326799e+001 4.499415e+001 4.332259e+001 4.862387e+001 3.257064e+001 2.787204e+000 3.115320e+000 2.779195e+000 3.862770e+000 4.704492e+000 4.404606e+000 4.765979e+000 4.597137e+000 3.602696e+000 3.602784e+000 3.644086e+000 2.764743e+000 4.016860e+000
<GCONST> 1.098622e+002
<STATE> 4
<MEAN> 25
 4.004201e-009 4.336405e-009 -1.086637e-008 3.575632e-009 -1.638197e-009 5.670293e-009 -3.372759e-009 5.333017e-009 6.816524e-009 -3.727787e-009 -3.339792e-009 -3.803864e-009 4.441586e-002 1.436795e-002 -9.186347e-003 -1.439236e-002 -1.671448e-002 -3.019709e-002 -4.453990e-002 -2.910333e-002 -1.796257e-002 -1.925735e-002 -3.220973e-002 -1.678848e-002 1.451607e-002
<VARIANCE> 25
 3.807225e+001 5.414773e+001 4.769022e+001 5.493352e+001 7.003593e+001 5.183953e+001 6.728757e+001 6.326799e+001 4.499415e+001 4.332259e+001 4.862387e+001 3.257064e+001 2.787204e+000 3.115320e+000 2.779195e+000 3.862770e+000 4.704492e+000 4.404606e+000 4.765979e+000 4.597137e+000 3.602696e+000 3.602784e+000 3.644086e+000 2.764743e+000 4.016860e+000
<GCONST> 1.098622e+002
<TRANSP> 5
 0.000000e+000 1.000000e+000 0.000000e+000 0.000000e+000 0.000000e+000
 0.000000e+000 6.000000e-001 4.000000e-001 0.000000e+000 0.000000e+000
 0.000000e+000 0.000000e+000 6.000000e-001 4.000000e-001 0.000000e+000
 0.000000e+000 0.000000e+000 0.000000e+000 7.000000e-001 3.000000e-001
 0.000000e+000 0.000000e+000 0.000000e+000 0.000000e+000 0.000000e+000
<ENDHMM>    
~h "o"       
<BEGINHMM>
<NUMSTATES> 5
<STATE> 2
<MEAN> 25
 4.004201e-009 4.336405e-009 -1.086637e-008 3.575632e-009 -1.638197e-009 5.670293e-009 -3.372759e-009 5.333017e-009 6.816524e-009 -3.727787e-009 -3.339792e-009 -3.803864e-009 4.441586e-002 1.436795e-002 -9.186347e-003 -1.439236e-002 -1.671448e-002 -3.019709e-002 -4.453990e-002 -2.910333e-002 -1.796257e-002 -1.925735e-002 -3.220973e-002 -1.678848e-002 1.451607e-002
<VARIANCE> 25
 3.807225e+001 5.414773e+001 4.769022e+001 5.493352e+001 7.003593e+001 5.183953e+001 6.728757e+001 6.326799e+001 4.499415e+001 4.332259e+001 4.862387e+001 3.257064e+001 2.787204e+000 3.115320e+000 2.779195e+000 3.862770e+000 4.704492e+000 4.404606e+000 4.765979e+000 4.597137e+000 3.602696e+000 3.602784e+000 3.644086e+000 2.764743e+000 4.016860e+000
<GCONST> 1.098622e+002
<STATE> 3
<MEAN> 25
 4.004201e-009 4.336405e-009 -1.086637e-008 3.575632e-009 -1.638197e-009 5.670293e-009 -3.372759e-009 5.333017e-009 6.816524e-009 -3.727787e-009 -3.339792e-009 -3.803864e-009 4.441586e-002 1.436795e-002 -9.186347e-003 -1.439236e-002 -1.671448e-002 -3.019709e-002 -4.453990e-002 -2.910333e-002 -1.796257e-002 -1.925735e-002 -3.220973e-002 -1.678848e-002 1.451607e-002
<VARIANCE> 25
 3.807225e+001 5.414773e+001 4.769022e+001 5.493352e+001 7.003593e+001 5.183953e+001 6.728757e+001 6.326799e+001 4.499415e+001 4.332259e+001 4.862387e+001 3.257064e+001 2.787204e+000 3.115320e+000 2.779195e+000 3.862770e+000 4.704492e+000 4.404606e+000 4.765979e+000 4.597137e+000 3.602696e+000 3.602784e+000 3.644086e+000 2.764743e+000 4.016860e+000
<GCONST> 1.098622e+002
<STATE> 4
<MEAN> 25
 4.004201e-009 4.336405e-009 -1.086637e-008 3.575632e-009 -1.638197e-009 5.670293e-009 -3.372759e-009 5.333017e-009 6.816524e-009 -3.727787e-009 -3.339792e-009 -3.803864e-009 4.441586e-002 1.436795e-002 -9.186347e-003 -1.439236e-002 -1.671448e-002 -3.019709e-002 -4.453990e-002 -2.910333e-002 -1.796257e-002 -1.925735e-002 -3.220973e-002 -1.678848e-002 1.451607e-002
<VARIANCE> 25
 3.807225e+001 5.414773e+001 4.769022e+001 5.493352e+001 7.003593e+001 5.183953e+001 6.728757e+001 6.326799e+001 4.499415e+001 4.332259e+001 4.862387e+001 3.257064e+001 2.787204e+000 3.115320e+000 2.779195e+000 3.862770e+000 4.704492e+000 4.404606e+000 4.765979e+000 4.597137e+000 3.602696e+000 3.602784e+000 3.644086e+000 2.764743e+000 4.016860e+000
<GCONST> 1.098622e+002
<TRANSP> 5
 0.000000e+000 1.000000e+000 0.000000e+000 0.000000e+000 0.000000e+000
 0.000000e+000 6.000000e-001 4.000000e-001 0.000000e+000 0.000000e+000
 0.000000e+000 0.000000e+000 6.000000e-001 4.000000e-001 0.000000e+000
 0.000000e+000 0.000000e+000 0.000000e+000 7.000000e-001 3.000000e-001
 0.000000e+000 0.000000e+000 0.000000e+000 0.000000e+000 0.000000e+000
<ENDHMM>    
~h "rr"      
<BEGINHMM>
<NUMSTATES> 5
<STATE> 2
<MEAN> 25
 4.004201e-009 4.336405e-009 -1.086637e-008 3.575632e-009 -1.638197e-009 5.670293e-009 -3.372759e-009 5.333017e-009 6.816524e-009 -3.727787e-009 -3.339792e-009 -3.803864e-009 4.441586e-002 1.436795e-002 -9.186347e-003 -1.439236e-002 -1.671448e-002 -3.019709e-002 -4.453990e-002 -2.910333e-002 -1.796257e-002 -1.925735e-002 -3.220973e-002 -1.678848e-002 1.451607e-002
<VARIANCE> 25
 3.807225e+001 5.414773e+001 4.769022e+001 5.493352e+001 7.003593e+001 5.183953e+001 6.728757e+001 6.326799e+001 4.499415e+001 4.332259e+001 4.862387e+001 3.257064e+001 2.787204e+000 3.115320e+000 2.779195e+000 3.862770e+000 4.704492e+000 4.404606e+000 4.765979e+000 4.597137e+000 3.602696e+000 3.602784e+000 3.644086e+000 2.764743e+000 4.016860e+000
<GCONST> 1.098622e+002
<STATE> 3
<MEAN> 25
 4.004201e-009 4.336405e-009 -1.086637e-008 3.575632e-009 -1.638197e-009 5.670293e-009 -3.372759e-009 5.333017e-009 6.816524e-009 -3.727787e-009 -3.339792e-009 -3.803864e-009 4.441586e-002 1.436795e-002 -9.186347e-003 -1.439236e-002 -1.671448e-002 -3.019709e-002 -4.453990e-002 -2.910333e-002 -1.796257e-002 -1.925735e-002 -3.220973e-002 -1.678848e-002 1.451607e-002
<VARIANCE> 25
 3.807225e+001 5.414773e+001 4.769022e+001 5.493352e+001 7.003593e+001 5.183953e+001 6.728757e+001 6.326799e+001 4.499415e+001 4.332259e+001 4.862387e+001 3.257064e+001 2.787204e+000 3.115320e+000 2.779195e+000 3.862770e+000 4.704492e+000 4.404606e+000 4.765979e+000 4.597137e+000 3.602696e+000 3.602784e+000 3.644086e+000 2.764743e+000 4.016860e+000
<GCONST> 1.098622e+002
<STATE> 4
<MEAN> 25
 4.004201e-009 4.336405e-009 -1.086637e-008 3.575632e-009 -1.638197e-009 5.670293e-009 -3.372759e-009 5.333017e-009 6.816524e-009 -3.727787e-009 -3.339792e-009 -3.803864e-009 4.441586e-002 1.436795e-002 -9.186347e-003 -1.439236e-002 -1.671448e-002 -3.019709e-002 -4.453990e-002 -2.910333e-002 -1.796257e-002 -1.925735e-002 -3.220973e-002 -1.678848e-002 1.451607e-002
<VARIANCE> 25
 3.807225e+001 5.414773e+001 4.769022e+001 5.493352e+001 7.003593e+001 5.183953e+001 6.728757e+001 6.326799e+001 4.499415e+001 4.332259e+001 4.862387e+001 3.257064e+001 2.787204e+000 3.115320e+000 2.779195e+000 3.862770e+000 4.704492e+000 4.404606e+000 4.765979e+000 4.597137e+000 3.602696e+000 3.602784e+000 3.644086e+000 2.764743e+000 4.016860e+000
<GCONST> 1.098622e+002
<TRANSP> 5
 0.000000e+000 1.000000e+000 0.000000e+000 0.000000e+000 0.000000e+000
 0.000000e+000 6.000000e-001 4.000000e-001 0.000000e+000 0.000000e+000
 0.000000e+000 0.000000e+000 6.000000e-001 4.000000e-001 0.000000e+000
 0.000000e+000 0.000000e+000 0.000000e+000 7.000000e-001 3.000000e-001
 0.000000e+000 0.000000e+000 0.000000e+000 0.000000e+000 0.000000e+000
<ENDHMM>    
~h "y"       
<BEGINHMM>
<NUMSTATES> 5
<STATE> 2
<MEAN> 25
 4.004201e-009 4.336405e-009 -1.086637e-008 3.575632e-009 -1.638197e-009 5.670293e-009 -3.372759e-009 5.333017e-009 6.816524e-009 -3.727787e-009 -3.339792e-009 -3.803864e-009 4.441586e-002 1.436795e-002 -9.186347e-003 -1.439236e-002 -1.671448e-002 -3.019709e-002 -4.453990e-002 -2.910333e-002 -1.796257e-002 -1.925735e-002 -3.220973e-002 -1.678848e-002 1.451607e-002
<VARIANCE> 25
 3.807225e+001 5.414773e+001 4.769022e+001 5.493352e+001 7.003593e+001 5.183953e+001 6.728757e+001 6.326799e+001 4.499415e+001 4.332259e+001 4.862387e+001 3.257064e+001 2.787204e+000 3.115320e+000 2.779195e+000 3.862770e+000 4.704492e+000 4.404606e+000 4.765979e+000 4.597137e+000 3.602696e+000 3.602784e+000 3.644086e+000 2.764743e+000 4.016860e+000
<GCONST> 1.098622e+002
<STATE> 3
<MEAN> 25
 4.004201e-009 4.336405e-009 -1.086637e-008 3.575632e-009 -1.638197e-009 5.670293e-009 -3.372759e-009 5.333017e-009 6.816524e-009 -3.727787e-009 -3.339792e-009 -3.803864e-009 4.441586e-002 1.436795e-002 -9.186347e-003 -1.439236e-002 -1.671448e-002 -3.019709e-002 -4.453990e-002 -2.910333e-002 -1.796257e-002 -1.925735e-002 -3.220973e-002 -1.678848e-002 1.451607e-002
<VARIANCE> 25
 3.807225e+001 5.414773e+001 4.769022e+001 5.493352e+001 7.003593e+001 5.183953e+001 6.728757e+001 6.326799e+001 4.499415e+001 4.332259e+001 4.862387e+001 3.257064e+001 2.787204e+000 3.115320e+000 2.779195e+000 3.862770e+000 4.704492e+000 4.404606e+000 4.765979e+000 4.597137e+000 3.602696e+000 3.602784e+000 3.644086e+000 2.764743e+000 4.016860e+000
<GCONST> 1.098622e+002
<STATE> 4
<MEAN> 25
 4.004201e-009 4.336405e-009 -1.086637e-008 3.575632e-009 -1.638197e-009 5.670293e-009 -3.372759e-009 5.333017e-009 6.816524e-009 -3.727787e-009 -3.339792e-009 -3.803864e-009 4.441586e-002 1.436795e-002 -9.186347e-003 -1.439236e-002 -1.671448e-002 -3.019709e-002 -4.453990e-002 -2.910333e-002 -1.796257e-002 -1.925735e-002 -3.220973e-002 -1.678848e-002 1.451607e-002
<VARIANCE> 25
 3.807225e+001 5.414773e+001 4.769022e+001 5.493352e+001 7.003593e+001 5.183953e+001 6.728757e+001 6.326799e+001 4.499415e+001 4.332259e+001 4.862387e+001 3.257064e+001 2.787204e+000 3.115320e+000 2.779195e+000 3.862770e+000 4.704492e+000 4.404606e+000 4.765979e+000 4.597137e+000 3.602696e+000 3.602784e+000 3.644086e+000 2.764743e+000 4.016860e+000
<GCONST> 1.098622e+002
<TRANSP> 5
 0.000000e+000 1.000000e+000 0.000000e+000 0.000000e+000 0.000000e+000
 0.000000e+000 6.000000e-001 4.000000e-001 0.000000e+000 0.000000e+000
 0.000000e+000 0.000000e+000 6.000000e-001 4.000000e-001 0.000000e+000
 0.000000e+000 0.000000e+000 0.000000e+000 7.000000e-001 3.000000e-001
 0.000000e+000 0.000000e+000 0.000000e+000 0.000000e+000 0.000000e+000
<ENDHMM>    
~h "al"      
<BEGINHMM>
<NUMSTATES> 5
<STATE> 2
<MEAN> 25
 4.004201e-009 4.336405e-009 -1.086637e-008 3.575632e-009 -1.638197e-009 5.670293e-009 -3.372759e-009 5.333017e-009 6.816524e-009 -3.727787e-009 -3.339792e-009 -3.803864e-009 4.441586e-002 1.436795e-002 -9.186347e-003 -1.439236e-002 -1.671448e-002 -3.019709e-002 -4.453990e-002 -2.910333e-002 -1.796257e-002 -1.925735e-002 -3.220973e-002 -1.678848e-002 1.451607e-002
<VARIANCE> 25
 3.807225e+001 5.414773e+001 4.769022e+001 5.493352e+001 7.003593e+001 5.183953e+001 6.728757e+001 6.326799e+001 4.499415e+001 4.332259e+001 4.862387e+001 3.257064e+001 2.787204e+000 3.115320e+000 2.779195e+000 3.862770e+000 4.704492e+000 4.404606e+000 4.765979e+000 4.597137e+000 3.602696e+000 3.602784e+000 3.644086e+000 2.764743e+000 4.016860e+000
<GCONST> 1.098622e+002
<STATE> 3
<MEAN> 25
 4.004201e-009 4.336405e-009 -1.086637e-008 3.575632e-009 -1.638197e-009 5.670293e-009 -3.372759e-009 5.333017e-009 6.816524e-009 -3.727787e-009 -3.339792e-009 -3.803864e-009 4.441586e-002 1.436795e-002 -9.186347e-003 -1.439236e-002 -1.671448e-002 -3.019709e-002 -4.453990e-002 -2.910333e-002 -1.796257e-002 -1.925735e-002 -3.220973e-002 -1.678848e-002 1.451607e-002
<VARIANCE> 25
 3.807225e+001 5.414773e+001 4.769022e+001 5.493352e+001 7.003593e+001 5.183953e+001 6.728757e+001 6.326799e+001 4.499415e+001 4.332259e+001 4.862387e+001 3.257064e+001 2.787204e+000 3.115320e+000 2.779195e+000 3.862770e+000 4.704492e+000 4.404606e+000 4.765979e+000 4.597137e+000 3.602696e+000 3.602784e+000 3.644086e+000 2.764743e+000 4.016860e+000
<GCONST> 1.098622e+002
<STATE> 4
<MEAN> 25
 4.004201e-009 4.336405e-009 -1.086637e-008 3.575632e-009 -1.638197e-009 5.670293e-009 -3.372759e-009 5.333017e-009 6.816524e-009 -3.727787e-009 -3.339792e-009 -3.803864e-009 4.441586e-002 1.436795e-002 -9.186347e-003 -1.439236e-002 -1.671448e-002 -3.019709e-002 -4.453990e-002 -2.910333e-002 -1.796257e-002 -1.925735e-002 -3.220973e-002 -1.678848e-002 1.451607e-002
<VARIANCE> 25
 3.807225e+001 5.414773e+001 4.769022e+001 5.493352e+001 7.003593e+001 5.183953e+001 6.728757e+001 6.326799e+001 4.499415e+001 4.332259e+001 4.862387e+001 3.257064e+001 2.787204e+000 3.115320e+000 2.779195e+000 3.862770e+000 4.704492e+000 4.404606e+000 4.765979e+000 4.597137e+000 3.602696e+000 3.602784e+000 3.644086e+000 2.764743e+000 4.016860e+000
<GCONST> 1.098622e+002
<TRANSP> 5
 0.000000e+000 1.000000e+000 0.000000e+000 0.000000e+000 0.000000e+000
 0.000000e+000 6.000000e-001 4.000000e-001 0.000000e+000 0.000000e+000
 0.000000e+000 0.000000e+000 6.000000e-001 4.000000e-001 0.000000e+000
 0.000000e+000 0.000000e+000 0.000000e+000 7.000000e-001 3.000000e-001
 0.000000e+000 0.000000e+000 0.000000e+000 0.000000e+000 0.000000e+000
<ENDHMM>    
~h "ll"      
<BEGINHMM>
<NUMSTATES> 5
<STATE> 2
<MEAN> 25
 4.004201e-009 4.336405e-009 -1.086637e-008 3.575632e-009 -1.638197e-009 5.670293e-009 -3.372759e-009 5.333017e-009 6.816524e-009 -3.727787e-009 -3.339792e-009 -3.803864e-009 4.441586e-002 1.436795e-002 -9.186347e-003 -1.439236e-002 -1.671448e-002 -3.019709e-002 -4.453990e-002 -2.910333e-002 -1.796257e-002 -1.925735e-002 -3.220973e-002 -1.678848e-002 1.451607e-002
<VARIANCE> 25
 3.807225e+001 5.414773e+001 4.769022e+001 5.493352e+001 7.003593e+001 5.183953e+001 6.728757e+001 6.326799e+001 4.499415e+001 4.332259e+001 4.862387e+001 3.257064e+001 2.787204e+000 3.115320e+000 2.779195e+000 3.862770e+000 4.704492e+000 4.404606e+000 4.765979e+000 4.597137e+000 3.602696e+000 3.602784e+000 3.644086e+000 2.764743e+000 4.016860e+000
<GCONST> 1.098622e+002
<STATE> 3
<MEAN> 25
 4.004201e-009 4.336405e-009 -1.086637e-008 3.575632e-009 -1.638197e-009 5.670293e-009 -3.372759e-009 5.333017e-009 6.816524e-009 -3.727787e-009 -3.339792e-009 -3.803864e-009 4.441586e-002 1.436795e-002 -9.186347e-003 -1.439236e-002 -1.671448e-002 -3.019709e-002 -4.453990e-002 -2.910333e-002 -1.796257e-002 -1.925735e-002 -3.220973e-002 -1.678848e-002 1.451607e-002
<VARIANCE> 25
 3.807225e+001 5.414773e+001 4.769022e+001 5.493352e+001 7.003593e+001 5.183953e+001 6.728757e+001 6.326799e+001 4.499415e+001 4.332259e+001 4.862387e+001 3.257064e+001 2.787204e+000 3.115320e+000 2.779195e+000 3.862770e+000 4.704492e+000 4.404606e+000 4.765979e+000 4.597137e+000 3.602696e+000 3.602784e+000 3.644086e+000 2.764743e+000 4.016860e+000
<GCONST> 1.098622e+002
<STATE> 4
<MEAN> 25
 4.004201e-009 4.336405e-009 -1.086637e-008 3.575632e-009 -1.638197e-009 5.670293e-009 -3.372759e-009 5.333017e-009 6.816524e-009 -3.727787e-009 -3.339792e-009 -3.803864e-009 4.441586e-002 1.436795e-002 -9.186347e-003 -1.439236e-002 -1.671448e-002 -3.019709e-002 -4.453990e-002 -2.910333e-002 -1.796257e-002 -1.925735e-002 -3.220973e-002 -1.678848e-002 1.451607e-002
<VARIANCE> 25
 3.807225e+001 5.414773e+001 4.769022e+001 5.493352e+001 7.003593e+001 5.183953e+001 6.728757e+001 6.326799e+001 4.499415e+001 4.332259e+001 4.862387e+001 3.257064e+001 2.787204e+000 3.115320e+000 2.779195e+000 3.862770e+000 4.704492e+000 4.404606e+000 4.765979e+000 4.597137e+000 3.602696e+000 3.602784e+000 3.644086e+000 2.764743e+000 4.016860e+000
<GCONST> 1.098622e+002
<TRANSP> 5
 0.000000e+000 1.000000e+000 0.000000e+000 0.000000e+000 0.000000e+000
 0.000000e+000 6.000000e-001 4.000000e-001 0.000000e+000 0.000000e+000
 0.000000e+000 0.000000e+000 6.000000e-001 4.000000e-001 0.000000e+000
 0.000000e+000 0.000000e+000 0.000000e+000 7.000000e-001 3.000000e-001
 0.000000e+000 0.000000e+000 0.000000e+000 0.000000e+000 0.000000e+000
<ENDHMM>    
~h "i"       
<BEGINHMM>
<NUMSTATES> 5
<STATE> 2
<MEAN> 25
 4.004201e-009 4.336405e-009 -1.086637e-008 3.575632e-009 -1.638197e-009 5.670293e-009 -3.372759e-009 5.333017e-009 6.816524e-009 -3.727787e-009 -3.339792e-009 -3.803864e-009 4.441586e-002 1.436795e-002 -9.186347e-003 -1.439236e-002 -1.671448e-002 -3.019709e-002 -4.453990e-002 -2.910333e-002 -1.796257e-002 -1.925735e-002 -3.220973e-002 -1.678848e-002 1.451607e-002
<VARIANCE> 25
 3.807225e+001 5.414773e+001 4.769022e+001 5.493352e+001 7.003593e+001 5.183953e+001 6.728757e+001 6.326799e+001 4.499415e+001 4.332259e+001 4.862387e+001 3.257064e+001 2.787204e+000 3.115320e+000 2.779195e+000 3.862770e+000 4.704492e+000 4.404606e+000 4.765979e+000 4.597137e+000 3.602696e+000 3.602784e+000 3.644086e+000 2.764743e+000 4.016860e+000
<GCONST> 1.098622e+002
<STATE> 3
<MEAN> 25
 4.004201e-009 4.336405e-009 -1.086637e-008 3.575632e-009 -1.638197e-009 5.670293e-009 -3.372759e-009 5.333017e-009 6.816524e-009 -3.727787e-009 -3.339792e-009 -3.803864e-009 4.441586e-002 1.436795e-002 -9.186347e-003 -1.439236e-002 -1.671448e-002 -3.019709e-002 -4.453990e-002 -2.910333e-002 -1.796257e-002 -1.925735e-002 -3.220973e-002 -1.678848e-002 1.451607e-002
<VARIANCE> 25
 3.807225e+001 5.414773e+001 4.769022e+001 5.493352e+001 7.003593e+001 5.183953e+001 6.728757e+001 6.326799e+001 4.499415e+001 4.332259e+001 4.862387e+001 3.257064e+001 2.787204e+000 3.115320e+000 2.779195e+000 3.862770e+000 4.704492e+000 4.404606e+000 4.765979e+000 4.597137e+000 3.602696e+000 3.602784e+000 3.644086e+000 2.764743e+000 4.016860e+000
<GCONST> 1.098622e+002
<STATE> 4
<MEAN> 25
 4.004201e-009 4.336405e-009 -1.086637e-008 3.575632e-009 -1.638197e-009 5.670293e-009 -3.372759e-009 5.333017e-009 6.816524e-009 -3.727787e-009 -3.339792e-009 -3.803864e-009 4.441586e-002 1.436795e-002 -9.186347e-003 -1.439236e-002 -1.671448e-002 -3.019709e-002 -4.453990e-002 -2.910333e-002 -1.796257e-002 -1.925735e-002 -3.220973e-002 -1.678848e-002 1.451607e-002
<VARIANCE> 25
 3.807225e+001 5.414773e+001 4.769022e+001 5.493352e+001 7.003593e+001 5.183953e+001 6.728757e+001 6.326799e+001 4.499415e+001 4.332259e+001 4.862387e+001 3.257064e+001 2.787204e+000 3.115320e+000 2.779195e+000 3.862770e+000 4.704492e+000 4.404606e+000 4.765979e+000 4.597137e+000 3.602696e+000 3.602784e+000 3.644086e+000 2.764743e+000 4.016860e+000
<GCONST> 1.098622e+002
<TRANSP> 5
 0.000000e+000 1.000000e+000 0.000000e+000 0.000000e+000 0.000000e+000
 0.000000e+000 6.000000e-001 4.000000e-001 0.000000e+000 0.000000e+000
 0.000000e+000 0.000000e+000 6.000000e-001 4.000000e-001 0.000000e+000
 0.000000e+000 0.000000e+000 0.000000e+000 7.000000e-001 3.000000e-001
 0.000000e+000 0.000000e+000 0.000000e+000 0.000000e+000 0.000000e+000
<ENDHMM>    
~h "n"       
<BEGINHMM>
<NUMSTATES> 5
<STATE> 2
<MEAN> 25
 4.004201e-009 4.336405e-009 -1.086637e-008 3.575632e-009 -1.638197e-009 5.670293e-009 -3.372759e-009 5.333017e-009 6.816524e-009 -3.727787e-009 -3.339792e-009 -3.803864e-009 4.441586e-002 1.436795e-002 -9.186347e-003 -1.439236e-002 -1.671448e-002 -3.019709e-002 -4.453990e-002 -2.910333e-002 -1.796257e-002 -1.925735e-002 -3.220973e-002 -1.678848e-002 1.451607e-002
<VARIANCE> 25
 3.807225e+001 5.414773e+001 4.769022e+001 5.493352e+001 7.003593e+001 5.183953e+001 6.728757e+001 6.326799e+001 4.499415e+001 4.332259e+001 4.862387e+001 3.257064e+001 2.787204e+000 3.115320e+000 2.779195e+000 3.862770e+000 4.704492e+000 4.404606e+000 4.765979e+000 4.597137e+000 3.602696e+000 3.602784e+000 3.644086e+000 2.764743e+000 4.016860e+000
<GCONST> 1.098622e+002
<STATE> 3
<MEAN> 25
 4.004201e-009 4.336405e-009 -1.086637e-008 3.575632e-009 -1.638197e-009 5.670293e-009 -3.372759e-009 5.333017e-009 6.816524e-009 -3.727787e-009 -3.339792e-009 -3.803864e-009 4.441586e-002 1.436795e-002 -9.186347e-003 -1.439236e-002 -1.671448e-002 -3.019709e-002 -4.453990e-002 -2.910333e-002 -1.796257e-002 -1.925735e-002 -3.220973e-002 -1.678848e-002 1.451607e-002
<VARIANCE> 25
 3.807225e+001 5.414773e+001 4.769022e+001 5.493352e+001 7.003593e+001 5.183953e+001 6.728757e+001 6.326799e+001 4.499415e+001 4.332259e+001 4.862387e+001 3.257064e+001 2.787204e+000 3.115320e+000 2.779195e+000 3.862770e+000 4.704492e+000 4.404606e+000 4.765979e+000 4.597137e+000 3.602696e+000 3.602784e+000 3.644086e+000 2.764743e+000 4.016860e+000
<GCONST> 1.098622e+002
<STATE> 4
<MEAN> 25
 4.004201e-009 4.336405e-009 -1.086637e-008 3.575632e-009 -1.638197e-009 5.670293e-009 -3.372759e-009 5.333017e-009 6.816524e-009 -3.727787e-009 -3.339792e-009 -3.803864e-009 4.441586e-002 1.436795e-002 -9.186347e-003 -1.439236e-002 -1.671448e-002 -3.019709e-002 -4.453990e-002 -2.910333e-002 -1.796257e-002 -1.925735e-002 -3.220973e-002 -1.678848e-002 1.451607e-002
<VARIANCE> 25
 3.807225e+001 5.414773e+001 4.769022e+001 5.493352e+001 7.003593e+001 5.183953e+001 6.728757e+001 6.326799e+001 4.499415e+001 4.332259e+001 4.862387e+001 3.257064e+001 2.787204e+000 3.115320e+000 2.779195e+000 3.862770e+000 4.704492e+000 4.404606e+000 4.765979e+000 4.597137e+000 3.602696e+000 3.602784e+000 3.644086e+000 2.764743e+000 4.016860e+000
<GCONST> 1.098622e+002
<TRANSP> 5
 0.000000e+000 1.000000e+000 0.000000e+000 0.000000e+000 0.000000e+000
 0.000000e+000 6.000000e-001 4.000000e-001 0.000000e+000 0.000000e+000
 0.000000e+000 0.000000e+000 6.000000e-001 4.000000e-001 0.000000e+000
 0.000000e+000 0.000000e+000 0.000000e+000 7.000000e-001 3.000000e-001
 0.000000e+000 0.000000e+000 0.000000e+000 0.000000e+000 0.000000e+000
<ENDHMM>    
~h "u"       
<BEGINHMM>
<NUMSTATES> 5
<STATE> 2
<MEAN> 25
 4.004201e-009 4.336405e-009 -1.086637e-008 3.575632e-009 -1.638197e-009 5.670293e-009 -3.372759e-009 5.333017e-009 6.816524e-009 -3.727787e-009 -3.339792e-009 -3.803864e-009 4.441586e-002 1.436795e-002 -9.186347e-003 -1.439236e-002 -1.671448e-002 -3.019709e-002 -4.453990e-002 -2.910333e-002 -1.796257e-002 -1.925735e-002 -3.220973e-002 -1.678848e-002 1.451607e-002
<VARIANCE> 25
 3.807225e+001 5.414773e+001 4.769022e+001 5.493352e+001 7.003593e+001 5.183953e+001 6.728757e+001 6.326799e+001 4.499415e+001 4.332259e+001 4.862387e+001 3.257064e+001 2.787204e+000 3.115320e+000 2.779195e+000 3.862770e+000 4.704492e+000 4.404606e+000 4.765979e+000 4.597137e+000 3.602696e+000 3.602784e+000 3.644086e+000 2.764743e+000 4.016860e+000
<GCONST> 1.098622e+002
<STATE> 3
<MEAN> 25
 4.004201e-009 4.336405e-009 -1.086637e-008 3.575632e-009 -1.638197e-009 5.670293e-009 -3.372759e-009 5.333017e-009 6.816524e-009 -3.727787e-009 -3.339792e-009 -3.803864e-009 4.441586e-002 1.436795e-002 -9.186347e-003 -1.439236e-002 -1.671448e-002 -3.019709e-002 -4.453990e-002 -2.910333e-002 -1.796257e-002 -1.925735e-002 -3.220973e-002 -1.678848e-002 1.451607e-002
<VARIANCE> 25
 3.807225e+001 5.414773e+001 4.769022e+001 5.493352e+001 7.003593e+001 5.183953e+001 6.728757e+001 6.326799e+001 4.499415e+001 4.332259e+001 4.862387e+001 3.257064e+001 2.787204e+000 3.115320e+000 2.779195e+000 3.862770e+000 4.704492e+000 4.404606e+000 4.765979e+000 4.597137e+000 3.602696e+000 3.602784e+000 3.644086e+000 2.764743e+000 4.016860e+000
<GCONST> 1.098622e+002
<STATE> 4
<MEAN> 25
 4.004201e-009 4.336405e-009 -1.086637e-008 3.575632e-009 -1.638197e-009 5.670293e-009 -3.372759e-009 5.333017e-009 6.816524e-009 -3.727787e-009 -3.339792e-009 -3.803864e-009 4.441586e-002 1.436795e-002 -9.186347e-003 -1.439236e-002 -1.671448e-002 -3.019709e-002 -4.453990e-002 -2.910333e-002 -1.796257e-002 -1.925735e-002 -3.220973e-002 -1.678848e-002 1.451607e-002
<VARIANCE> 25
 3.807225e+001 5.414773e+001 4.769022e+001 5.493352e+001 7.003593e+001 5.183953e+001 6.728757e+001 6.326799e+001 4.499415e+001 4.332259e+001 4.862387e+001 3.257064e+001 2.787204e+000 3.115320e+000 2.779195e+000 3.862770e+000 4.704492e+000 4.404606e+000 4.765979e+000 4.597137e+000 3.602696e+000 3.602784e+000 3.644086e+000 2.764743e+000 4.016860e+000
<GCONST> 1.098622e+002
<TRANSP> 5
 0.000000e+000 1.000000e+000 0.000000e+000 0.000000e+000 0.000000e+000
 0.000000e+000 6.000000e-001 4.000000e-001 0.000000e+000 0.000000e+000
 0.000000e+000 0.000000e+000 6.000000e-001 4.000000e-001 0.000000e+000
 0.000000e+000 0.000000e+000 0.000000e+000 7.000000e-001 3.000000e-001
 0.000000e+000 0.000000e+000 0.000000e+000 0.000000e+000 0.000000e+000
<ENDHMM>    
~h "m"       
<BEGINHMM>
<NUMSTATES> 5
<STATE> 2
<MEAN> 25
 4.004201e-009 4.336405e-009 -1.086637e-008 3.575632e-009 -1.638197e-009 5.670293e-009 -3.372759e-009 5.333017e-009 6.816524e-009 -3.727787e-009 -3.339792e-009 -3.803864e-009 4.441586e-002 1.436795e-002 -9.186347e-003 -1.439236e-002 -1.671448e-002 -3.019709e-002 -4.453990e-002 -2.910333e-002 -1.796257e-002 -1.925735e-002 -3.220973e-002 -1.678848e-002 1.451607e-002
<VARIANCE> 25
 3.807225e+001 5.414773e+001 4.769022e+001 5.493352e+001 7.003593e+001 5.183953e+001 6.728757e+001 6.326799e+001 4.499415e+001 4.332259e+001 4.862387e+001 3.257064e+001 2.787204e+000 3.115320e+000 2.779195e+000 3.862770e+000 4.704492e+000 4.404606e+000 4.765979e+000 4.597137e+000 3.602696e+000 3.602784e+000 3.644086e+000 2.764743e+000 4.016860e+000
<GCONST> 1.098622e+002
<STATE> 3
<MEAN> 25
 4.004201e-009 4.336405e-009 -1.086637e-008 3.575632e-009 -1.638197e-009 5.670293e-009 -3.372759e-009 5.333017e-009 6.816524e-009 -3.727787e-009 -3.339792e-009 -3.803864e-009 4.441586e-002 1.436795e-002 -9.186347e-003 -1.439236e-002 -1.671448e-002 -3.019709e-002 -4.453990e-002 -2.910333e-002 -1.796257e-002 -1.925735e-002 -3.220973e-002 -1.678848e-002 1.451607e-002
<VARIANCE> 25
 3.807225e+001 5.414773e+001 4.769022e+001 5.493352e+001 7.003593e+001 5.183953e+001 6.728757e+001 6.326799e+001 4.499415e+001 4.332259e+001 4.862387e+001 3.257064e+001 2.787204e+000 3.115320e+000 2.779195e+000 3.862770e+000 4.704492e+000 4.404606e+000 4.765979e+000 4.597137e+000 3.602696e+000 3.602784e+000 3.644086e+000 2.764743e+000 4.016860e+000
<GCONST> 1.098622e+002
<STATE> 4
<MEAN> 25
 4.004201e-009 4.336405e-009 -1.086637e-008 3.575632e-009 -1.638197e-009 5.670293e-009 -3.372759e-009 5.333017e-009 6.816524e-009 -3.727787e-009 -3.339792e-009 -3.803864e-009 4.441586e-002 1.436795e-002 -9.186347e-003 -1.439236e-002 -1.671448e-002 -3.019709e-002 -4.453990e-002 -2.910333e-002 -1.796257e-002 -1.925735e-002 -3.220973e-002 -1.678848e-002 1.451607e-002
<VARIANCE> 25
 3.807225e+001 5.414773e+001 4.769022e+001 5.493352e+001 7.003593e+001 5.183953e+001 6.728757e+001 6.326799e+001 4.499415e+001 4.332259e+001 4.862387e+001 3.257064e+001 2.787204e+000 3.115320e+000 2.779195e+000 3.862770e+000 4.704492e+000 4.404606e+000 4.765979e+000 4.597137e+000 3.602696e+000 3.602784e+000 3.644086e+000 2.764743e+000 4.016860e+000
<GCONST> 1.098622e+002
<TRANSP> 5
 0.000000e+000 1.000000e+000 0.000000e+000 0.000000e+000 0.000000e+000
 0.000000e+000 6.000000e-001 4.000000e-001 0.000000e+000 0.000000e+000
 0.000000e+000 0.000000e+000 6.000000e-001 4.000000e-001 0.000000e+000
 0.000000e+000 0.000000e+000 0.000000e+000 7.000000e-001 3.000000e-001
 0.000000e+000 0.000000e+000 0.000000e+000 0.000000e+000 0.000000e+000
<ENDHMM>    
~h "t"       
<BEGINHMM>
<NUMSTATES> 5
<STATE> 2
<MEAN> 25
 4.004201e-009 4.336405e-009 -1.086637e-008 3.575632e-009 -1.638197e-009 5.670293e-009 -3.372759e-009 5.333017e-009 6.816524e-009 -3.727787e-009 -3.339792e-009 -3.803864e-009 4.441586e-002 1.436795e-002 -9.186347e-003 -1.439236e-002 -1.671448e-002 -3.019709e-002 -4.453990e-002 -2.910333e-002 -1.796257e-002 -1.925735e-002 -3.220973e-002 -1.678848e-002 1.451607e-002
<VARIANCE> 25
 3.807225e+001 5.414773e+001 4.769022e+001 5.493352e+001 7.003593e+001 5.183953e+001 6.728757e+001 6.326799e+001 4.499415e+001 4.332259e+001 4.862387e+001 3.257064e+001 2.787204e+000 3.115320e+000 2.779195e+000 3.862770e+000 4.704492e+000 4.404606e+000 4.765979e+000 4.597137e+000 3.602696e+000 3.602784e+000 3.644086e+000 2.764743e+000 4.016860e+000
<GCONST> 1.098622e+002
<STATE> 3
<MEAN> 25
 4.004201e-009 4.336405e-009 -1.086637e-008 3.575632e-009 -1.638197e-009 5.670293e-009 -3.372759e-009 5.333017e-009 6.816524e-009 -3.727787e-009 -3.339792e-009 -3.803864e-009 4.441586e-002 1.436795e-002 -9.186347e-003 -1.439236e-002 -1.671448e-002 -3.019709e-002 -4.453990e-002 -2.910333e-002 -1.796257e-002 -1.925735e-002 -3.220973e-002 -1.678848e-002 1.451607e-002
<VARIANCE> 25
 3.807225e+001 5.414773e+001 4.769022e+001 5.493352e+001 7.003593e+001 5.183953e+001 6.728757e+001 6.326799e+001 4.499415e+001 4.332259e+001 4.862387e+001 3.257064e+001 2.787204e+000 3.115320e+000 2.779195e+000 3.862770e+000 4.704492e+000 4.404606e+000 4.765979e+000 4.597137e+000 3.602696e+000 3.602784e+000 3.644086e+000 2.764743e+000 4.016860e+000
<GCONST> 1.098622e+002
<STATE> 4
<MEAN> 25
 4.004201e-009 4.336405e-009 -1.086637e-008 3.575632e-009 -1.638197e-009 5.670293e-009 -3.372759e-009 5.333017e-009 6.816524e-009 -3.727787e-009 -3.339792e-009 -3.803864e-009 4.441586e-002 1.436795e-002 -9.186347e-003 -1.439236e-002 -1.671448e-002 -3.019709e-002 -4.453990e-002 -2.910333e-002 -1.796257e-002 -1.925735e-002 -3.220973e-002 -1.678848e-002 1.451607e-002
<VARIANCE> 25
 3.807225e+001 5.414773e+001 4.769022e+001 5.493352e+001 7.003593e+001 5.183953e+001 6.728757e+001 6.326799e+001 4.499415e+001 4.332259e+001 4.862387e+001 3.257064e+001 2.787204e+000 3.115320e+000 2.779195e+000 3.862770e+000 4.704492e+000 4.404606e+000 4.765979e+000 4.597137e+000 3.602696e+000 3.602784e+000 3.644086e+000 2.764743e+000 4.016860e+000
<GCONST> 1.098622e+002
<TRANSP> 5
 0.000000e+000 1.000000e+000 0.000000e+000 0.000000e+000 0.000000e+000
 0.000000e+000 6.000000e-001 4.000000e-001 0.000000e+000 0.000000e+000
 0.000000e+000 0.000000e+000 6.000000e-001 4.000000e-001 0.000000e+000
 0.000000e+000 0.000000e+000 0.000000e+000 7.000000e-001 3.000000e-001
 0.000000e+000 0.000000e+000 0.000000e+000 0.000000e+000 0.000000e+000
<ENDHMM>    
~h "p"       
<BEGINHMM>
<NUMSTATES> 5
<STATE> 2
<MEAN> 25
 4.004201e-009 4.336405e-009 -1.086637e-008 3.575632e-009 -1.638197e-009 5.670293e-009 -3.372759e-009 5.333017e-009 6.816524e-009 -3.727787e-009 -3.339792e-009 -3.803864e-009 4.441586e-002 1.436795e-002 -9.186347e-003 -1.439236e-002 -1.671448e-002 -3.019709e-002 -4.453990e-002 -2.910333e-002 -1.796257e-002 -1.925735e-002 -3.220973e-002 -1.678848e-002 1.451607e-002
<VARIANCE> 25
 3.807225e+001 5.414773e+001 4.769022e+001 5.493352e+001 7.003593e+001 5.183953e+001 6.728757e+001 6.326799e+001 4.499415e+001 4.332259e+001 4.862387e+001 3.257064e+001 2.787204e+000 3.115320e+000 2.779195e+000 3.862770e+000 4.704492e+000 4.404606e+000 4.765979e+000 4.597137e+000 3.602696e+000 3.602784e+000 3.644086e+000 2.764743e+000 4.016860e+000
<GCONST> 1.098622e+002
<STATE> 3
<MEAN> 25
 4.004201e-009 4.336405e-009 -1.086637e-008 3.575632e-009 -1.638197e-009 5.670293e-009 -3.372759e-009 5.333017e-009 6.816524e-009 -3.727787e-009 -3.339792e-009 -3.803864e-009 4.441586e-002 1.436795e-002 -9.186347e-003 -1.439236e-002 -1.671448e-002 -3.019709e-002 -4.453990e-002 -2.910333e-002 -1.796257e-002 -1.925735e-002 -3.220973e-002 -1.678848e-002 1.451607e-002
<VARIANCE> 25
 3.807225e+001 5.414773e+001 4.769022e+001 5.493352e+001 7.003593e+001 5.183953e+001 6.728757e+001 6.326799e+001 4.499415e+001 4.332259e+001 4.862387e+001 3.257064e+001 2.787204e+000 3.115320e+000 2.779195e+000 3.862770e+000 4.704492e+000 4.404606e+000 4.765979e+000 4.597137e+000 3.602696e+000 3.602784e+000 3.644086e+000 2.764743e+000 4.016860e+000
<GCONST> 1.098622e+002
<STATE> 4
<MEAN> 25
 4.004201e-009 4.336405e-009 -1.086637e-008 3.575632e-009 -1.638197e-009 5.670293e-009 -3.372759e-009 5.333017e-009 6.816524e-009 -3.727787e-009 -3.339792e-009 -3.803864e-009 4.441586e-002 1.436795e-002 -9.186347e-003 -1.439236e-002 -1.671448e-002 -3.019709e-002 -4.453990e-002 -2.910333e-002 -1.796257e-002 -1.925735e-002 -3.220973e-002 -1.678848e-002 1.451607e-002
<VARIANCE> 25
 3.807225e+001 5.414773e+001 4.769022e+001 5.493352e+001 7.003593e+001 5.183953e+001 6.728757e+001 6.326799e+001 4.499415e+001 4.332259e+001 4.862387e+001 3.257064e+001 2.787204e+000 3.115320e+000 2.779195e+000 3.862770e+000 4.704492e+000 4.404606e+000 4.765979e+000 4.597137e+000 3.602696e+000 3.602784e+000 3.644086e+000 2.764743e+000 4.016860e+000
<GCONST> 1.098622e+002
<TRANSP> 5
 0.000000e+000 1.000000e+000 0.000000e+000 0.000000e+000 0.000000e+000
 0.000000e+000 6.000000e-001 4.000000e-001 0.000000e+000 0.000000e+000
 0.000000e+000 0.000000e+000 6.000000e-001 4.000000e-001 0.000000e+000
 0.000000e+000 0.000000e+000 0.000000e+000 7.000000e-001 3.000000e-001
 0.000000e+000 0.000000e+000 0.000000e+000 0.000000e+000 0.000000e+000
<ENDHMM>    
~h "q"       
<BEGINHMM>
<NUMSTATES> 5
<STATE> 2
<MEAN> 25
 4.004201e-009 4.336405e-009 -1.086637e-008 3.575632e-009 -1.638197e-009 5.670293e-009 -3.372759e-009 5.333017e-009 6.816524e-009 -3.727787e-009 -3.339792e-009 -3.803864e-009 4.441586e-002 1.436795e-002 -9.186347e-003 -1.439236e-002 -1.671448e-002 -3.019709e-002 -4.453990e-002 -2.910333e-002 -1.796257e-002 -1.925735e-002 -3.220973e-002 -1.678848e-002 1.451607e-002
<VARIANCE> 25
 3.807225e+001 5.414773e+001 4.769022e+001 5.493352e+001 7.003593e+001 5.183953e+001 6.728757e+001 6.326799e+001 4.499415e+001 4.332259e+001 4.862387e+001 3.257064e+001 2.787204e+000 3.115320e+000 2.779195e+000 3.862770e+000 4.704492e+000 4.404606e+000 4.765979e+000 4.597137e+000 3.602696e+000 3.602784e+000 3.644086e+000 2.764743e+000 4.016860e+000
<GCONST> 1.098622e+002
<STATE> 3
<MEAN> 25
 4.004201e-009 4.336405e-009 -1.086637e-008 3.575632e-009 -1.638197e-009 5.670293e-009 -3.372759e-009 5.333017e-009 6.816524e-009 -3.727787e-009 -3.339792e-009 -3.803864e-009 4.441586e-002 1.436795e-002 -9.186347e-003 -1.439236e-002 -1.671448e-002 -3.019709e-002 -4.453990e-002 -2.910333e-002 -1.796257e-002 -1.925735e-002 -3.220973e-002 -1.678848e-002 1.451607e-002
<VARIANCE> 25
 3.807225e+001 5.414773e+001 4.769022e+001 5.493352e+001 7.003593e+001 5.183953e+001 6.728757e+001 6.326799e+001 4.499415e+001 4.332259e+001 4.862387e+001 3.257064e+001 2.787204e+000 3.115320e+000 2.779195e+000 3.862770e+000 4.704492e+000 4.404606e+000 4.765979e+000 4.597137e+000 3.602696e+000 3.602784e+000 3.644086e+000 2.764743e+000 4.016860e+000
<GCONST> 1.098622e+002
<STATE> 4
<MEAN> 25
 4.004201e-009 4.336405e-009 -1.086637e-008 3.575632e-009 -1.638197e-009 5.670293e-009 -3.372759e-009 5.333017e-009 6.816524e-009 -3.727787e-009 -3.339792e-009 -3.803864e-009 4.441586e-002 1.436795e-002 -9.186347e-003 -1.439236e-002 -1.671448e-002 -3.019709e-002 -4.453990e-002 -2.910333e-002 -1.796257e-002 -1.925735e-002 -3.220973e-002 -1.678848e-002 1.451607e-002
<VARIANCE> 25
 3.807225e+001 5.414773e+001 4.769022e+001 5.493352e+001 7.003593e+001 5.183953e+001 6.728757e+001 6.326799e+001 4.499415e+001 4.332259e+001 4.862387e+001 3.257064e+001 2.787204e+000 3.115320e+000 2.779195e+000 3.862770e+000 4.704492e+000 4.404606e+000 4.765979e+000 4.597137e+000 3.602696e+000 3.602784e+000 3.644086e+000 2.764743e+000 4.016860e+000
<GCONST> 1.098622e+002
<TRANSP> 5
 0.000000e+000 1.000000e+000 0.000000e+000 0.000000e+000 0.000000e+000
 0.000000e+000 6.000000e-001 4.000000e-001 0.000000e+000 0.000000e+000
 0.000000e+000 0.000000e+000 6.000000e-001 4.000000e-001 0.000000e+000
 0.000000e+000 0.000000e+000 0.000000e+000 7.000000e-001 3.000000e-001
 0.000000e+000 0.000000e+000 0.000000e+000 0.000000e+000 0.000000e+000
<ENDHMM>    
~h "s"       
<BEGINHMM>
<NUMSTATES> 5
<STATE> 2
<MEAN> 25
 4.004201e-009 4.336405e-009 -1.086637e-008 3.575632e-009 -1.638197e-009 5.670293e-009 -3.372759e-009 5.333017e-009 6.816524e-009 -3.727787e-009 -3.339792e-009 -3.803864e-009 4.441586e-002 1.436795e-002 -9.186347e-003 -1.439236e-002 -1.671448e-002 -3.019709e-002 -4.453990e-002 -2.910333e-002 -1.796257e-002 -1.925735e-002 -3.220973e-002 -1.678848e-002 1.451607e-002
<VARIANCE> 25
 3.807225e+001 5.414773e+001 4.769022e+001 5.493352e+001 7.003593e+001 5.183953e+001 6.728757e+001 6.326799e+001 4.499415e+001 4.332259e+001 4.862387e+001 3.257064e+001 2.787204e+000 3.115320e+000 2.779195e+000 3.862770e+000 4.704492e+000 4.404606e+000 4.765979e+000 4.597137e+000 3.602696e+000 3.602784e+000 3.644086e+000 2.764743e+000 4.016860e+000
<GCONST> 1.098622e+002
<STATE> 3
<MEAN> 25
 4.004201e-009 4.336405e-009 -1.086637e-008 3.575632e-009 -1.638197e-009 5.670293e-009 -3.372759e-009 5.333017e-009 6.816524e-009 -3.727787e-009 -3.339792e-009 -3.803864e-009 4.441586e-002 1.436795e-002 -9.186347e-003 -1.439236e-002 -1.671448e-002 -3.019709e-002 -4.453990e-002 -2.910333e-002 -1.796257e-002 -1.925735e-002 -3.220973e-002 -1.678848e-002 1.451607e-002
<VARIANCE> 25
 3.807225e+001 5.414773e+001 4.769022e+001 5.493352e+001 7.003593e+001 5.183953e+001 6.728757e+001 6.326799e+001 4.499415e+001 4.332259e+001 4.862387e+001 3.257064e+001 2.787204e+000 3.115320e+000 2.779195e+000 3.862770e+000 4.704492e+000 4.404606e+000 4.765979e+000 4.597137e+000 3.602696e+000 3.602784e+000 3.644086e+000 2.764743e+000 4.016860e+000
<GCONST> 1.098622e+002
<STATE> 4
<MEAN> 25
 4.004201e-009 4.336405e-009 -1.086637e-008 3.575632e-009 -1.638197e-009 5.670293e-009 -3.372759e-009 5.333017e-009 6.816524e-009 -3.727787e-009 -3.339792e-009 -3.803864e-009 4.441586e-002 1.436795e-002 -9.186347e-003 -1.439236e-002 -1.671448e-002 -3.019709e-002 -4.453990e-002 -2.910333e-002 -1.796257e-002 -1.925735e-002 -3.220973e-002 -1.678848e-002 1.451607e-002
<VARIANCE> 25
 3.807225e+001 5.414773e+001 4.769022e+001 5.493352e+001 7.003593e+001 5.183953e+001 6.728757e+001 6.326799e+001 4.499415e+001 4.332259e+001 4.862387e+001 3.257064e+001 2.787204e+000 3.115320e+000 2.779195e+000 3.862770e+000 4.704492e+000 4.404606e+000 4.765979e+000 4.597137e+000 3.602696e+000 3.602784e+000 3.644086e+000 2.764743e+000 4.016860e+000
<GCONST> 1.098622e+002
<TRANSP> 5
 0.000000e+000 1.000000e+000 0.000000e+000 0.000000e+000 0.000000e+000
 0.000000e+000 6.000000e-001 4.000000e-001 0.000000e+000 0.000000e+000
 0.000000e+000 0.000000e+000 6.000000e-001 4.000000e-001 0.000000e+000
 0.000000e+000 0.000000e+000 0.000000e+000 7.000000e-001 3.000000e-001
 0.000000e+000 0.000000e+000 0.000000e+000 0.000000e+000 0.000000e+000
<ENDHMM>    
~h "r"       
<BEGINHMM>
<NUMSTATES> 5
<STATE> 2
<MEAN> 25
 4.004201e-009 4.336405e-009 -1.086637e-008 3.575632e-009 -1.638197e-009 5.670293e-009 -3.372759e-009 5.333017e-009 6.816524e-009 -3.727787e-009 -3.339792e-009 -3.803864e-009 4.441586e-002 1.436795e-002 -9.186347e-003 -1.439236e-002 -1.671448e-002 -3.019709e-002 -4.453990e-002 -2.910333e-002 -1.796257e-002 -1.925735e-002 -3.220973e-002 -1.678848e-002 1.451607e-002
<VARIANCE> 25
 3.807225e+001 5.414773e+001 4.769022e+001 5.493352e+001 7.003593e+001 5.183953e+001 6.728757e+001 6.326799e+001 4.499415e+001 4.332259e+001 4.862387e+001 3.257064e+001 2.787204e+000 3.115320e+000 2.779195e+000 3.862770e+000 4.704492e+000 4.404606e+000 4.765979e+000 4.597137e+000 3.602696e+000 3.602784e+000 3.644086e+000 2.764743e+000 4.016860e+000
<GCONST> 1.098622e+002
<STATE> 3
<MEAN> 25
 4.004201e-009 4.336405e-009 -1.086637e-008 3.575632e-009 -1.638197e-009 5.670293e-009 -3.372759e-009 5.333017e-009 6.816524e-009 -3.727787e-009 -3.339792e-009 -3.803864e-009 4.441586e-002 1.436795e-002 -9.186347e-003 -1.439236e-002 -1.671448e-002 -3.019709e-002 -4.453990e-002 -2.910333e-002 -1.796257e-002 -1.925735e-002 -3.220973e-002 -1.678848e-002 1.451607e-002
<VARIANCE> 25
 3.807225e+001 5.414773e+001 4.769022e+001 5.493352e+001 7.003593e+001 5.183953e+001 6.728757e+001 6.326799e+001 4.499415e+001 4.332259e+001 4.862387e+001 3.257064e+001 2.787204e+000 3.115320e+000 2.779195e+000 3.862770e+000 4.704492e+000 4.404606e+000 4.765979e+000 4.597137e+000 3.602696e+000 3.602784e+000 3.644086e+000 2.764743e+000 4.016860e+000
<GCONST> 1.098622e+002
<STATE> 4
<MEAN> 25
 4.004201e-009 4.336405e-009 -1.086637e-008 3.575632e-009 -1.638197e-009 5.670293e-009 -3.372759e-009 5.333017e-009 6.816524e-009 -3.727787e-009 -3.339792e-009 -3.803864e-009 4.441586e-002 1.436795e-002 -9.186347e-003 -1.439236e-002 -1.671448e-002 -3.019709e-002 -4.453990e-002 -2.910333e-002 -1.796257e-002 -1.925735e-002 -3.220973e-002 -1.678848e-002 1.451607e-002
<VARIANCE> 25
 3.807225e+001 5.414773e+001 4.769022e+001 5.493352e+001 7.003593e+001 5.183953e+001 6.728757e+001 6.326799e+001 4.499415e+001 4.332259e+001 4.862387e+001 3.257064e+001 2.787204e+000 3.115320e+000 2.779195e+000 3.862770e+000 4.704492e+000 4.404606e+000 4.765979e+000 4.597137e+000 3.602696e+000 3.602784e+000 3.644086e+000 2.764743e+000 4.016860e+000
<GCONST> 1.098622e+002
<TRANSP> 5
 0.000000e+000 1.000000e+000 0.000000e+000 0.000000e+000 0.000000e+000
 0.000000e+000 6.000000e-001 4.000000e-001 0.000000e+000 0.000000e+000
 0.000000e+000 0.000000e+000 6.000000e-001 4.000000e-001 0.000000e+000
 0.000000e+000 0.000000e+000 0.000000e+000 7.000000e-001 3.000000e-001
 0.000000e+000 0.000000e+000 0.000000e+000 0.000000e+000 0.000000e+000
<ENDHMM>    
~h "ul"      
<BEGINHMM>
<NUMSTATES> 5
<STATE> 2
<MEAN> 25
 4.004201e-009 4.336405e-009 -1.086637e-008 3.575632e-009 -1.638197e-009 5.670293e-009 -3.372759e-009 5.333017e-009 6.816524e-009 -3.727787e-009 -3.339792e-009 -3.803864e-009 4.441586e-002 1.436795e-002 -9.186347e-003 -1.439236e-002 -1.671448e-002 -3.019709e-002 -4.453990e-002 -2.910333e-002 -1.796257e-002 -1.925735e-002 -3.220973e-002 -1.678848e-002 1.451607e-002
<VARIANCE> 25
 3.807225e+001 5.414773e+001 4.769022e+001 5.493352e+001 7.003593e+001 5.183953e+001 6.728757e+001 6.326799e+001 4.499415e+001 4.332259e+001 4.862387e+001 3.257064e+001 2.787204e+000 3.115320e+000 2.779195e+000 3.862770e+000 4.704492e+000 4.404606e+000 4.765979e+000 4.597137e+000 3.602696e+000 3.602784e+000 3.644086e+000 2.764743e+000 4.016860e+000
<GCONST> 1.098622e+002
<STATE> 3
<MEAN> 25
 4.004201e-009 4.336405e-009 -1.086637e-008 3.575632e-009 -1.638197e-009 5.670293e-009 -3.372759e-009 5.333017e-009 6.816524e-009 -3.727787e-009 -3.339792e-009 -3.803864e-009 4.441586e-002 1.436795e-002 -9.186347e-003 -1.439236e-002 -1.671448e-002 -3.019709e-002 -4.453990e-002 -2.910333e-002 -1.796257e-002 -1.925735e-002 -3.220973e-002 -1.678848e-002 1.451607e-002
<VARIANCE> 25
 3.807225e+001 5.414773e+001 4.769022e+001 5.493352e+001 7.003593e+001 5.183953e+001 6.728757e+001 6.326799e+001 4.499415e+001 4.332259e+001 4.862387e+001 3.257064e+001 2.787204e+000 3.115320e+000 2.779195e+000 3.862770e+000 4.704492e+000 4.404606e+000 4.765979e+000 4.597137e+000 3.602696e+000 3.602784e+000 3.644086e+000 2.764743e+000 4.016860e+000
<GCONST> 1.098622e+002
<STATE> 4
<MEAN> 25
 4.004201e-009 4.336405e-009 -1.086637e-008 3.575632e-009 -1.638197e-009 5.670293e-009 -3.372759e-009 5.333017e-009 6.816524e-009 -3.727787e-009 -3.339792e-009 -3.803864e-009 4.441586e-002 1.436795e-002 -9.186347e-003 -1.439236e-002 -1.671448e-002 -3.019709e-002 -4.453990e-002 -2.910333e-002 -1.796257e-002 -1.925735e-002 -3.220973e-002 -1.678848e-002 1.451607e-002
<VARIANCE> 25
 3.807225e+001 5.414773e+001 4.769022e+001 5.493352e+001 7.003593e+001 5.183953e+001 6.728757e+001 6.326799e+001 4.499415e+001 4.332259e+001 4.862387e+001 3.257064e+001 2.787204e+000 3.115320e+000 2.779195e+000 3.862770e+000 4.704492e+000 4.404606e+000 4.765979e+000 4.597137e+000 3.602696e+000 3.602784e+000 3.644086e+000 2.764743e+000 4.016860e+000
<GCONST> 1.098622e+002
<TRANSP> 5
 0.000000e+000 1.000000e+000 0.000000e+000 0.000000e+000 0.000000e+000
 0.000000e+000 6.000000e-001 4.000000e-001 0.000000e+000 0.000000e+000
 0.000000e+000 0.000000e+000 6.000000e-001 4.000000e-001 0.000000e+000
 0.000000e+000 0.000000e+000 0.000000e+000 7.000000e-001 3.000000e-001
 0.000000e+000 0.000000e+000 0.000000e+000 0.000000e+000 0.000000e+000
<ENDHMM>    
~h "w"       
<BEGINHMM>
<NUMSTATES> 5
<STATE> 2
<MEAN> 25
 4.004201e-009 4.336405e-009 -1.086637e-008 3.575632e-009 -1.638197e-009 5.670293e-009 -3.372759e-009 5.333017e-009 6.816524e-009 -3.727787e-009 -3.339792e-009 -3.803864e-009 4.441586e-002 1.436795e-002 -9.186347e-003 -1.439236e-002 -1.671448e-002 -3.019709e-002 -4.453990e-002 -2.910333e-002 -1.796257e-002 -1.925735e-002 -3.220973e-002 -1.678848e-002 1.451607e-002
<VARIANCE> 25
 3.807225e+001 5.414773e+001 4.769022e+001 5.493352e+001 7.003593e+001 5.183953e+001 6.728757e+001 6.326799e+001 4.499415e+001 4.332259e+001 4.862387e+001 3.257064e+001 2.787204e+000 3.115320e+000 2.779195e+000 3.862770e+000 4.704492e+000 4.404606e+000 4.765979e+000 4.597137e+000 3.602696e+000 3.602784e+000 3.644086e+000 2.764743e+000 4.016860e+000
<GCONST> 1.098622e+002
<STATE> 3
<MEAN> 25
 4.004201e-009 4.336405e-009 -1.086637e-008 3.575632e-009 -1.638197e-009 5.670293e-009 -3.372759e-009 5.333017e-009 6.816524e-009 -3.727787e-009 -3.339792e-009 -3.803864e-009 4.441586e-002 1.436795e-002 -9.186347e-003 -1.439236e-002 -1.671448e-002 -3.019709e-002 -4.453990e-002 -2.910333e-002 -1.796257e-002 -1.925735e-002 -3.220973e-002 -1.678848e-002 1.451607e-002
<VARIANCE> 25
 3.807225e+001 5.414773e+001 4.769022e+001 5.493352e+001 7.003593e+001 5.183953e+001 6.728757e+001 6.326799e+001 4.499415e+001 4.332259e+001 4.862387e+001 3.257064e+001 2.787204e+000 3.115320e+000 2.779195e+000 3.862770e+000 4.704492e+000 4.404606e+000 4.765979e+000 4.597137e+000 3.602696e+000 3.602784e+000 3.644086e+000 2.764743e+000 4.016860e+000
<GCONST> 1.098622e+002
<STATE> 4
<MEAN> 25
 4.004201e-009 4.336405e-009 -1.086637e-008 3.575632e-009 -1.638197e-009 5.670293e-009 -3.372759e-009 5.333017e-009 6.816524e-009 -3.727787e-009 -3.339792e-009 -3.803864e-009 4.441586e-002 1.436795e-002 -9.186347e-003 -1.439236e-002 -1.671448e-002 -3.019709e-002 -4.453990e-002 -2.910333e-002 -1.796257e-002 -1.925735e-002 -3.220973e-002 -1.678848e-002 1.451607e-002
<VARIANCE> 25
 3.807225e+001 5.414773e+001 4.769022e+001 5.493352e+001 7.003593e+001 5.183953e+001 6.728757e+001 6.326799e+001 4.499415e+001 4.332259e+001 4.862387e+001 3.257064e+001 2.787204e+000 3.115320e+000 2.779195e+000 3.862770e+000 4.704492e+000 4.404606e+000 4.765979e+000 4.597137e+000 3.602696e+000 3.602784e+000 3.644086e+000 2.764743e+000 4.016860e+000
<GCONST> 1.098622e+002
<TRANSP> 5
 0.000000e+000 1.000000e+000 0.000000e+000 0.000000e+000 0.000000e+000
 0.000000e+000 6.000000e-001 4.000000e-001 0.000000e+000 0.000000e+000
 0.000000e+000 0.000000e+000 6.000000e-001 4.000000e-001 0.000000e+000
 0.000000e+000 0.000000e+000 0.000000e+000 7.000000e-001 3.000000e-001
 0.000000e+000 0.000000e+000 0.000000e+000 0.000000e+000 0.000000e+000
<ENDHMM>    
~h "b"       
<BEGINHMM>
<NUMSTATES> 5
<STATE> 2
<MEAN> 25
 4.004201e-009 4.336405e-009 -1.086637e-008 3.575632e-009 -1.638197e-009 5.670293e-009 -3.372759e-009 5.333017e-009 6.816524e-009 -3.727787e-009 -3.339792e-009 -3.803864e-009 4.441586e-002 1.436795e-002 -9.186347e-003 -1.439236e-002 -1.671448e-002 -3.019709e-002 -4.453990e-002 -2.910333e-002 -1.796257e-002 -1.925735e-002 -3.220973e-002 -1.678848e-002 1.451607e-002
<VARIANCE> 25
 3.807225e+001 5.414773e+001 4.769022e+001 5.493352e+001 7.003593e+001 5.183953e+001 6.728757e+001 6.326799e+001 4.499415e+001 4.332259e+001 4.862387e+001 3.257064e+001 2.787204e+000 3.115320e+000 2.779195e+000 3.862770e+000 4.704492e+000 4.404606e+000 4.765979e+000 4.597137e+000 3.602696e+000 3.602784e+000 3.644086e+000 2.764743e+000 4.016860e+000
<GCONST> 1.098622e+002
<STATE> 3
<MEAN> 25
 4.004201e-009 4.336405e-009 -1.086637e-008 3.575632e-009 -1.638197e-009 5.670293e-009 -3.372759e-009 5.333017e-009 6.816524e-009 -3.727787e-009 -3.339792e-009 -3.803864e-009 4.441586e-002 1.436795e-002 -9.186347e-003 -1.439236e-002 -1.671448e-002 -3.019709e-002 -4.453990e-002 -2.910333e-002 -1.796257e-002 -1.925735e-002 -3.220973e-002 -1.678848e-002 1.451607e-002
<VARIANCE> 25
 3.807225e+001 5.414773e+001 4.769022e+001 5.493352e+001 7.003593e+001 5.183953e+001 6.728757e+001 6.326799e+001 4.499415e+001 4.332259e+001 4.862387e+001 3.257064e+001 2.787204e+000 3.115320e+000 2.779195e+000 3.862770e+000 4.704492e+000 4.404606e+000 4.765979e+000 4.597137e+000 3.602696e+000 3.602784e+000 3.644086e+000 2.764743e+000 4.016860e+000
<GCONST> 1.098622e+002
<STATE> 4
<MEAN> 25
 4.004201e-009 4.336405e-009 -1.086637e-008 3.575632e-009 -1.638197e-009 5.670293e-009 -3.372759e-009 5.333017e-009 6.816524e-009 -3.727787e-009 -3.339792e-009 -3.803864e-009 4.441586e-002 1.436795e-002 -9.186347e-003 -1.439236e-002 -1.671448e-002 -3.019709e-002 -4.453990e-002 -2.910333e-002 -1.796257e-002 -1.925735e-002 -3.220973e-002 -1.678848e-002 1.451607e-002
<VARIANCE> 25
 3.807225e+001 5.414773e+001 4.769022e+001 5.493352e+001 7.003593e+001 5.183953e+001 6.728757e+001 6.326799e+001 4.499415e+001 4.332259e+001 4.862387e+001 3.257064e+001 2.787204e+000 3.115320e+000 2.779195e+000 3.862770e+000 4.704492e+000 4.404606e+000 4.765979e+000 4.597137e+000 3.602696e+000 3.602784e+000 3.644086e+000 2.764743e+000 4.016860e+000
<GCONST> 1.098622e+002
<TRANSP> 5
 0.000000e+000 1.000000e+000 0.000000e+000 0.000000e+000 0.000000e+000
 0.000000e+000 6.000000e-001 4.000000e-001 0.000000e+000 0.000000e+000
 0.000000e+000 0.000000e+000 6.000000e-001 4.000000e-001 0.000000e+000
 0.000000e+000 0.000000e+000 0.000000e+000 7.000000e-001 3.000000e-001
 0.000000e+000 0.000000e+000 0.000000e+000 0.000000e+000 0.000000e+000
<ENDHMM>    
~h "c"       
<BEGINHMM>
<NUMSTATES> 5
<STATE> 2
<MEAN> 25
 4.004201e-009 4.336405e-009 -1.086637e-008 3.575632e-009 -1.638197e-009 5.670293e-009 -3.372759e-009 5.333017e-009 6.816524e-009 -3.727787e-009 -3.339792e-009 -3.803864e-009 4.441586e-002 1.436795e-002 -9.186347e-003 -1.439236e-002 -1.671448e-002 -3.019709e-002 -4.453990e-002 -2.910333e-002 -1.796257e-002 -1.925735e-002 -3.220973e-002 -1.678848e-002 1.451607e-002
<VARIANCE> 25
 3.807225e+001 5.414773e+001 4.769022e+001 5.493352e+001 7.003593e+001 5.183953e+001 6.728757e+001 6.326799e+001 4.499415e+001 4.332259e+001 4.862387e+001 3.257064e+001 2.787204e+000 3.115320e+000 2.779195e+000 3.862770e+000 4.704492e+000 4.404606e+000 4.765979e+000 4.597137e+000 3.602696e+000 3.602784e+000 3.644086e+000 2.764743e+000 4.016860e+000
<GCONST> 1.098622e+002
<STATE> 3
<MEAN> 25
 4.004201e-009 4.336405e-009 -1.086637e-008 3.575632e-009 -1.638197e-009 5.670293e-009 -3.372759e-009 5.333017e-009 6.816524e-009 -3.727787e-009 -3.339792e-009 -3.803864e-009 4.441586e-002 1.436795e-002 -9.186347e-003 -1.439236e-002 -1.671448e-002 -3.019709e-002 -4.453990e-002 -2.910333e-002 -1.796257e-002 -1.925735e-002 -3.220973e-002 -1.678848e-002 1.451607e-002
<VARIANCE> 25
 3.807225e+001 5.414773e+001 4.769022e+001 5.493352e+001 7.003593e+001 5.183953e+001 6.728757e+001 6.326799e+001 4.499415e+001 4.332259e+001 4.862387e+001 3.257064e+001 2.787204e+000 3.115320e+000 2.779195e+000 3.862770e+000 4.704492e+000 4.404606e+000 4.765979e+000 4.597137e+000 3.602696e+000 3.602784e+000 3.644086e+000 2.764743e+000 4.016860e+000
<GCONST> 1.098622e+002
<STATE> 4
<MEAN> 25
 4.004201e-009 4.336405e-009 -1.086637e-008 3.575632e-009 -1.638197e-009 5.670293e-009 -3.372759e-009 5.333017e-009 6.816524e-009 -3.727787e-009 -3.339792e-009 -3.803864e-009 4.441586e-002 1.436795e-002 -9.186347e-003 -1.439236e-002 -1.671448e-002 -3.019709e-002 -4.453990e-002 -2.910333e-002 -1.796257e-002 -1.925735e-002 -3.220973e-002 -1.678848e-002 1.451607e-002
<VARIANCE> 25
 3.807225e+001 5.414773e+001 4.769022e+001 5.493352e+001 7.003593e+001 5.183953e+001 6.728757e+001 6.326799e+001 4.499415e+001 4.332259e+001 4.862387e+001 3.257064e+001 2.787204e+000 3.115320e+000 2.779195e+000 3.862770e+000 4.704492e+000 4.404606e+000 4.765979e+000 4.597137e+000 3.602696e+000 3.602784e+000 3.644086e+000 2.764743e+000 4.016860e+000
<GCONST> 1.098622e+002
<TRANSP> 5
 0.000000e+000 1.000000e+000 0.000000e+000 0.000000e+000 0.000000e+000
 0.000000e+000 6.000000e-001 4.000000e-001 0.000000e+000 0.000000e+000
 0.000000e+000 0.000000e+000 6.000000e-001 4.000000e-001 0.000000e+000
 0.000000e+000 0.000000e+000 0.000000e+000 7.000000e-001 3.000000e-001
 0.000000e+000 0.000000e+000 0.000000e+000 0.000000e+000 0.000000e+000
<ENDHMM>    
~h "j"       
<BEGINHMM>
<NUMSTATES> 5
<STATE> 2
<MEAN> 25
 4.004201e-009 4.336405e-009 -1.086637e-008 3.575632e-009 -1.638197e-009 5.670293e-009 -3.372759e-009 5.333017e-009 6.816524e-009 -3.727787e-009 -3.339792e-009 -3.803864e-009 4.441586e-002 1.436795e-002 -9.186347e-003 -1.439236e-002 -1.671448e-002 -3.019709e-002 -4.453990e-002 -2.910333e-002 -1.796257e-002 -1.925735e-002 -3.220973e-002 -1.678848e-002 1.451607e-002
<VARIANCE> 25
 3.807225e+001 5.414773e+001 4.769022e+001 5.493352e+001 7.003593e+001 5.183953e+001 6.728757e+001 6.326799e+001 4.499415e+001 4.332259e+001 4.862387e+001 3.257064e+001 2.787204e+000 3.115320e+000 2.779195e+000 3.862770e+000 4.704492e+000 4.404606e+000 4.765979e+000 4.597137e+000 3.602696e+000 3.602784e+000 3.644086e+000 2.764743e+000 4.016860e+000
<GCONST> 1.098622e+002
<STATE> 3
<MEAN> 25
 4.004201e-009 4.336405e-009 -1.086637e-008 3.575632e-009 -1.638197e-009 5.670293e-009 -3.372759e-009 5.333017e-009 6.816524e-009 -3.727787e-009 -3.339792e-009 -3.803864e-009 4.441586e-002 1.436795e-002 -9.186347e-003 -1.439236e-002 -1.671448e-002 -3.019709e-002 -4.453990e-002 -2.910333e-002 -1.796257e-002 -1.925735e-002 -3.220973e-002 -1.678848e-002 1.451607e-002
<VARIANCE> 25
 3.807225e+001 5.414773e+001 4.769022e+001 5.493352e+001 7.003593e+001 5.183953e+001 6.728757e+001 6.326799e+001 4.499415e+001 4.332259e+001 4.862387e+001 3.257064e+001 2.787204e+000 3.115320e+000 2.779195e+000 3.862770e+000 4.704492e+000 4.404606e+000 4.765979e+000 4.597137e+000 3.602696e+000 3.602784e+000 3.644086e+000 2.764743e+000 4.016860e+000
<GCONST> 1.098622e+002
<STATE> 4
<MEAN> 25
 4.004201e-009 4.336405e-009 -1.086637e-008 3.575632e-009 -1.638197e-009 5.670293e-009 -3.372759e-009 5.333017e-009 6.816524e-009 -3.727787e-009 -3.339792e-009 -3.803864e-009 4.441586e-002 1.436795e-002 -9.186347e-003 -1.439236e-002 -1.671448e-002 -3.019709e-002 -4.453990e-002 -2.910333e-002 -1.796257e-002 -1.925735e-002 -3.220973e-002 -1.678848e-002 1.451607e-002
<VARIANCE> 25
 3.807225e+001 5.414773e+001 4.769022e+001 5.493352e+001 7.003593e+001 5.183953e+001 6.728757e+001 6.326799e+001 4.499415e+001 4.332259e+001 4.862387e+001 3.257064e+001 2.787204e+000 3.115320e+000 2.779195e+000 3.862770e+000 4.704492e+000 4.404606e+000 4.765979e+000 4.597137e+000 3.602696e+000 3.602784e+000 3.644086e+000 2.764743e+000 4.016860e+000
<GCONST> 1.098622e+002
<TRANSP> 5
 0.000000e+000 1.000000e+000 0.000000e+000 0.000000e+000 0.000000e+000
 0.000000e+000 6.000000e-001 4.000000e-001 0.000000e+000 0.000000e+000
 0.000000e+000 0.000000e+000 6.000000e-001 4.000000e-001 0.000000e+000
 0.000000e+000 0.000000e+000 0.000000e+000 7.000000e-001 3.000000e-001
 0.000000e+000 0.000000e+000 0.000000e+000 0.000000e+000 0.000000e+000
<ENDHMM>    
~h "e"       
<BEGINHMM>
<NUMSTATES> 5
<STATE> 2
<MEAN> 25
 4.004201e-009 4.336405e-009 -1.086637e-008 3.575632e-009 -1.638197e-009 5.670293e-009 -3.372759e-009 5.333017e-009 6.816524e-009 -3.727787e-009 -3.339792e-009 -3.803864e-009 4.441586e-002 1.436795e-002 -9.186347e-003 -1.439236e-002 -1.671448e-002 -3.019709e-002 -4.453990e-002 -2.910333e-002 -1.796257e-002 -1.925735e-002 -3.220973e-002 -1.678848e-002 1.451607e-002
<VARIANCE> 25
 3.807225e+001 5.414773e+001 4.769022e+001 5.493352e+001 7.003593e+001 5.183953e+001 6.728757e+001 6.326799e+001 4.499415e+001 4.332259e+001 4.862387e+001 3.257064e+001 2.787204e+000 3.115320e+000 2.779195e+000 3.862770e+000 4.704492e+000 4.404606e+000 4.765979e+000 4.597137e+000 3.602696e+000 3.602784e+000 3.644086e+000 2.764743e+000 4.016860e+000
<GCONST> 1.098622e+002
<STATE> 3
<MEAN> 25
 4.004201e-009 4.336405e-009 -1.086637e-008 3.575632e-009 -1.638197e-009 5.670293e-009 -3.372759e-009 5.333017e-009 6.816524e-009 -3.727787e-009 -3.339792e-009 -3.803864e-009 4.441586e-002 1.436795e-002 -9.186347e-003 -1.439236e-002 -1.671448e-002 -3.019709e-002 -4.453990e-002 -2.910333e-002 -1.796257e-002 -1.925735e-002 -3.220973e-002 -1.678848e-002 1.451607e-002
<VARIANCE> 25
 3.807225e+001 5.414773e+001 4.769022e+001 5.493352e+001 7.003593e+001 5.183953e+001 6.728757e+001 6.326799e+001 4.499415e+001 4.332259e+001 4.862387e+001 3.257064e+001 2.787204e+000 3.115320e+000 2.779195e+000 3.862770e+000 4.704492e+000 4.404606e+000 4.765979e+000 4.597137e+000 3.602696e+000 3.602784e+000 3.644086e+000 2.764743e+000 4.016860e+000
<GCONST> 1.098622e+002
<STATE> 4
<MEAN> 25
 4.004201e-009 4.336405e-009 -1.086637e-008 3.575632e-009 -1.638197e-009 5.670293e-009 -3.372759e-009 5.333017e-009 6.816524e-009 -3.727787e-009 -3.339792e-009 -3.803864e-009 4.441586e-002 1.436795e-002 -9.186347e-003 -1.439236e-002 -1.671448e-002 -3.019709e-002 -4.453990e-002 -2.910333e-002 -1.796257e-002 -1.925735e-002 -3.220973e-002 -1.678848e-002 1.451607e-002
<VARIANCE> 25
 3.807225e+001 5.414773e+001 4.769022e+001 5.493352e+001 7.003593e+001 5.183953e+001 6.728757e+001 6.326799e+001 4.499415e+001 4.332259e+001 4.862387e+001 3.257064e+001 2.787204e+000 3.115320e+000 2.779195e+000 3.862770e+000 4.704492e+000 4.404606e+000 4.765979e+000 4.597137e+000 3.602696e+000 3.602784e+000 3.644086e+000 2.764743e+000 4.016860e+000
<GCONST> 1.098622e+002
<TRANSP> 5
 0.000000e+000 1.000000e+000 0.000000e+000 0.000000e+000 0.000000e+000
 0.000000e+000 6.000000e-001 4.000000e-001 0.000000e+000 0.000000e+000
 0.000000e+000 0.000000e+000 6.000000e-001 4.000000e-001 0.000000e+000
 0.000000e+000 0.000000e+000 0.000000e+000 7.000000e-001 3.000000e-001
 0.000000e+000 0.000000e+000 0.000000e+000 0.000000e+000 0.000000e+000
<ENDHMM>    
~h "x"       
<BEGINHMM>
<NUMSTATES> 5
<STATE> 2
<MEAN> 25
 4.004201e-009 4.336405e-009 -1.086637e-008 3.575632e-009 -1.638197e-009 5.670293e-009 -3.372759e-009 5.333017e-009 6.816524e-009 -3.727787e-009 -3.339792e-009 -3.803864e-009 4.441586e-002 1.436795e-002 -9.186347e-003 -1.439236e-002 -1.671448e-002 -3.019709e-002 -4.453990e-002 -2.910333e-002 -1.796257e-002 -1.925735e-002 -3.220973e-002 -1.678848e-002 1.451607e-002
<VARIANCE> 25
 3.807225e+001 5.414773e+001 4.769022e+001 5.493352e+001 7.003593e+001 5.183953e+001 6.728757e+001 6.326799e+001 4.499415e+001 4.332259e+001 4.862387e+001 3.257064e+001 2.787204e+000 3.115320e+000 2.779195e+000 3.862770e+000 4.704492e+000 4.404606e+000 4.765979e+000 4.597137e+000 3.602696e+000 3.602784e+000 3.644086e+000 2.764743e+000 4.016860e+000
<GCONST> 1.098622e+002
<STATE> 3
<MEAN> 25
 4.004201e-009 4.336405e-009 -1.086637e-008 3.575632e-009 -1.638197e-009 5.670293e-009 -3.372759e-009 5.333017e-009 6.816524e-009 -3.727787e-009 -3.339792e-009 -3.803864e-009 4.441586e-002 1.436795e-002 -9.186347e-003 -1.439236e-002 -1.671448e-002 -3.019709e-002 -4.453990e-002 -2.910333e-002 -1.796257e-002 -1.925735e-002 -3.220973e-002 -1.678848e-002 1.451607e-002
<VARIANCE> 25
 3.807225e+001 5.414773e+001 4.769022e+001 5.493352e+001 7.003593e+001 5.183953e+001 6.728757e+001 6.326799e+001 4.499415e+001 4.332259e+001 4.862387e+001 3.257064e+001 2.787204e+000 3.115320e+000 2.779195e+000 3.862770e+000 4.704492e+000 4.404606e+000 4.765979e+000 4.597137e+000 3.602696e+000 3.602784e+000 3.644086e+000 2.764743e+000 4.016860e+000
<GCONST> 1.098622e+002
<STATE> 4
<MEAN> 25
 4.004201e-009 4.336405e-009 -1.086637e-008 3.575632e-009 -1.638197e-009 5.670293e-009 -3.372759e-009 5.333017e-009 6.816524e-009 -3.727787e-009 -3.339792e-009 -3.803864e-009 4.441586e-002 1.436795e-002 -9.186347e-003 -1.439236e-002 -1.671448e-002 -3.019709e-002 -4.453990e-002 -2.910333e-002 -1.796257e-002 -1.925735e-002 -3.220973e-002 -1.678848e-002 1.451607e-002
<VARIANCE> 25
 3.807225e+001 5.414773e+001 4.769022e+001 5.493352e+001 7.003593e+001 5.183953e+001 6.728757e+001 6.326799e+001 4.499415e+001 4.332259e+001 4.862387e+001 3.257064e+001 2.787204e+000 3.115320e+000 2.779195e+000 3.862770e+000 4.704492e+000 4.404606e+000 4.765979e+000 4.597137e+000 3.602696e+000 3.602784e+000 3.644086e+000 2.764743e+000 4.016860e+000
<GCONST> 1.098622e+002
<TRANSP> 5
 0.000000e+000 1.000000e+000 0.000000e+000 0.000000e+000 0.000000e+000
 0.000000e+000 6.000000e-001 4.000000e-001 0.000000e+000 0.000000e+000
 0.000000e+000 0.000000e+000 6.000000e-001 4.000000e-001 0.000000e+000
 0.000000e+000 0.000000e+000 0.000000e+000 7.000000e-001 3.000000e-001
 0.000000e+000 0.000000e+000 0.000000e+000 0.000000e+000 0.000000e+000
<ENDHMM>    
~h "l"       
<BEGINHMM>
<NUMSTATES> 5
<STATE> 2
<MEAN> 25
 4.004201e-009 4.336405e-009 -1.086637e-008 3.575632e-009 -1.638197e-009 5.670293e-009 -3.372759e-009 5.333017e-009 6.816524e-009 -3.727787e-009 -3.339792e-009 -3.803864e-009 4.441586e-002 1.436795e-002 -9.186347e-003 -1.439236e-002 -1.671448e-002 -3.019709e-002 -4.453990e-002 -2.910333e-002 -1.796257e-002 -1.925735e-002 -3.220973e-002 -1.678848e-002 1.451607e-002
<VARIANCE> 25
 3.807225e+001 5.414773e+001 4.769022e+001 5.493352e+001 7.003593e+001 5.183953e+001 6.728757e+001 6.326799e+001 4.499415e+001 4.332259e+001 4.862387e+001 3.257064e+001 2.787204e+000 3.115320e+000 2.779195e+000 3.862770e+000 4.704492e+000 4.404606e+000 4.765979e+000 4.597137e+000 3.602696e+000 3.602784e+000 3.644086e+000 2.764743e+000 4.016860e+000
<GCONST> 1.098622e+002
<STATE> 3
<MEAN> 25
 4.004201e-009 4.336405e-009 -1.086637e-008 3.575632e-009 -1.638197e-009 5.670293e-009 -3.372759e-009 5.333017e-009 6.816524e-009 -3.727787e-009 -3.339792e-009 -3.803864e-009 4.441586e-002 1.436795e-002 -9.186347e-003 -1.439236e-002 -1.671448e-002 -3.019709e-002 -4.453990e-002 -2.910333e-002 -1.796257e-002 -1.925735e-002 -3.220973e-002 -1.678848e-002 1.451607e-002
<VARIANCE> 25
 3.807225e+001 5.414773e+001 4.769022e+001 5.493352e+001 7.003593e+001 5.183953e+001 6.728757e+001 6.326799e+001 4.499415e+001 4.332259e+001 4.862387e+001 3.257064e+001 2.787204e+000 3.115320e+000 2.779195e+000 3.862770e+000 4.704492e+000 4.404606e+000 4.765979e+000 4.597137e+000 3.602696e+000 3.602784e+000 3.644086e+000 2.764743e+000 4.016860e+000
<GCONST> 1.098622e+002
<STATE> 4
<MEAN> 25
 4.004201e-009 4.336405e-009 -1.086637e-008 3.575632e-009 -1.638197e-009 5.670293e-009 -3.372759e-009 5.333017e-009 6.816524e-009 -3.727787e-009 -3.339792e-009 -3.803864e-009 4.441586e-002 1.436795e-002 -9.186347e-003 -1.439236e-002 -1.671448e-002 -3.019709e-002 -4.453990e-002 -2.910333e-002 -1.796257e-002 -1.925735e-002 -3.220973e-002 -1.678848e-002 1.451607e-002
<VARIANCE> 25
 3.807225e+001 5.414773e+001 4.769022e+001 5.493352e+001 7.003593e+001 5.183953e+001 6.728757e+001 6.326799e+001 4.499415e+001 4.332259e+001 4.862387e+001 3.257064e+001 2.787204e+000 3.115320e+000 2.779195e+000 3.862770e+000 4.704492e+000 4.404606e+000 4.765979e+000 4.597137e+000 3.602696e+000 3.602784e+000 3.644086e+000 2.764743e+000 4.016860e+000
<GCONST> 1.098622e+002
<TRANSP> 5
 0.000000e+000 1.000000e+000 0.000000e+000 0.000000e+000 0.000000e+000
 0.000000e+000 6.000000e-001 4.000000e-001 0.000000e+000 0.000000e+000
 0.000000e+000 0.000000e+000 6.000000e-001 4.000000e-001 0.000000e+000
 0.000000e+000 0.000000e+000 0.000000e+000 7.000000e-001 3.000000e-001
 0.000000e+000 0.000000e+000 0.000000e+000 0.000000e+000 0.000000e+000
<ENDHMM>    
~h "v"       
<BEGINHMM>
<NUMSTATES> 5
<STATE> 2
<MEAN> 25
 4.004201e-009 4.336405e-009 -1.086637e-008 3.575632e-009 -1.638197e-009 5.670293e-009 -3.372759e-009 5.333017e-009 6.816524e-009 -3.727787e-009 -3.339792e-009 -3.803864e-009 4.441586e-002 1.436795e-002 -9.186347e-003 -1.439236e-002 -1.671448e-002 -3.019709e-002 -4.453990e-002 -2.910333e-002 -1.796257e-002 -1.925735e-002 -3.220973e-002 -1.678848e-002 1.451607e-002
<VARIANCE> 25
 3.807225e+001 5.414773e+001 4.769022e+001 5.493352e+001 7.003593e+001 5.183953e+001 6.728757e+001 6.326799e+001 4.499415e+001 4.332259e+001 4.862387e+001 3.257064e+001 2.787204e+000 3.115320e+000 2.779195e+000 3.862770e+000 4.704492e+000 4.404606e+000 4.765979e+000 4.597137e+000 3.602696e+000 3.602784e+000 3.644086e+000 2.764743e+000 4.016860e+000
<GCONST> 1.098622e+002
<STATE> 3
<MEAN> 25
 4.004201e-009 4.336405e-009 -1.086637e-008 3.575632e-009 -1.638197e-009 5.670293e-009 -3.372759e-009 5.333017e-009 6.816524e-009 -3.727787e-009 -3.339792e-009 -3.803864e-009 4.441586e-002 1.436795e-002 -9.186347e-003 -1.439236e-002 -1.671448e-002 -3.019709e-002 -4.453990e-002 -2.910333e-002 -1.796257e-002 -1.925735e-002 -3.220973e-002 -1.678848e-002 1.451607e-002
<VARIANCE> 25
 3.807225e+001 5.414773e+001 4.769022e+001 5.493352e+001 7.003593e+001 5.183953e+001 6.728757e+001 6.326799e+001 4.499415e+001 4.332259e+001 4.862387e+001 3.257064e+001 2.787204e+000 3.115320e+000 2.779195e+000 3.862770e+000 4.704492e+000 4.404606e+000 4.765979e+000 4.597137e+000 3.602696e+000 3.602784e+000 3.644086e+000 2.764743e+000 4.016860e+000
<GCONST> 1.098622e+002
<STATE> 4
<MEAN> 25
 4.004201e-009 4.336405e-009 -1.086637e-008 3.575632e-009 -1.638197e-009 5.670293e-009 -3.372759e-009 5.333017e-009 6.816524e-009 -3.727787e-009 -3.339792e-009 -3.803864e-009 4.441586e-002 1.436795e-002 -9.186347e-003 -1.439236e-002 -1.671448e-002 -3.019709e-002 -4.453990e-002 -2.910333e-002 -1.796257e-002 -1.925735e-002 -3.220973e-002 -1.678848e-002 1.451607e-002
<VARIANCE> 25
 3.807225e+001 5.414773e+001 4.769022e+001 5.493352e+001 7.003593e+001 5.183953e+001 6.728757e+001 6.326799e+001 4.499415e+001 4.332259e+001 4.862387e+001 3.257064e+001 2.787204e+000 3.115320e+000 2.779195e+000 3.862770e+000 4.704492e+000 4.404606e+000 4.765979e+000 4.597137e+000 3.602696e+000 3.602784e+000 3.644086e+000 2.764743e+000 4.016860e+000
<GCONST> 1.098622e+002
<TRANSP> 5
 0.000000e+000 1.000000e+000 0.000000e+000 0.000000e+000 0.000000e+000
 0.000000e+000 6.000000e-001 4.000000e-001 0.000000e+000 0.000000e+000
 0.000000e+000 0.000000e+000 6.000000e-001 4.000000e-001 0.000000e+000
 0.000000e+000 0.000000e+000 0.000000e+000 7.000000e-001 3.000000e-001
 0.000000e+000 0.000000e+000 0.000000e+000 0.000000e+000 0.000000e+000
<ENDHMM>    
~h "sil"     
<BEGINHMM>
<NUMSTATES> 5
<STATE> 2
<MEAN> 25
 4.004201e-009 4.336405e-009 -1.086637e-008 3.575632e-009 -1.638197e-009 5.670293e-009 -3.372759e-009 5.333017e-009 6.816524e-009 -3.727787e-009 -3.339792e-009 -3.803864e-009 4.441586e-002 1.436795e-002 -9.186347e-003 -1.439236e-002 -1.671448e-002 -3.019709e-002 -4.453990e-002 -2.910333e-002 -1.796257e-002 -1.925735e-002 -3.220973e-002 -1.678848e-002 1.451607e-002
<VARIANCE> 25
 3.807225e+001 5.414773e+001 4.769022e+001 5.493352e+001 7.003593e+001 5.183953e+001 6.728757e+001 6.326799e+001 4.499415e+001 4.332259e+001 4.862387e+001 3.257064e+001 2.787204e+000 3.115320e+000 2.779195e+000 3.862770e+000 4.704492e+000 4.404606e+000 4.765979e+000 4.597137e+000 3.602696e+000 3.602784e+000 3.644086e+000 2.764743e+000 4.016860e+000
<GCONST> 1.098622e+002
<STATE> 3
<MEAN> 25
 4.004201e-009 4.336405e-009 -1.086637e-008 3.575632e-009 -1.638197e-009 5.670293e-009 -3.372759e-009 5.333017e-009 6.816524e-009 -3.727787e-009 -3.339792e-009 -3.803864e-009 4.441586e-002 1.436795e-002 -9.186347e-003 -1.439236e-002 -1.671448e-002 -3.019709e-002 -4.453990e-002 -2.910333e-002 -1.796257e-002 -1.925735e-002 -3.220973e-002 -1.678848e-002 1.451607e-002
<VARIANCE> 25
 3.807225e+001 5.414773e+001 4.769022e+001 5.493352e+001 7.003593e+001 5.183953e+001 6.728757e+001 6.326799e+001 4.499415e+001 4.332259e+001 4.862387e+001 3.257064e+001 2.787204e+000 3.115320e+000 2.779195e+000 3.862770e+000 4.704492e+000 4.404606e+000 4.765979e+000 4.597137e+000 3.602696e+000 3.602784e+000 3.644086e+000 2.764743e+000 4.016860e+000
<GCONST> 1.098622e+002
<STATE> 4
<MEAN> 25
 4.004201e-009 4.336405e-009 -1.086637e-008 3.575632e-009 -1.638197e-009 5.670293e-009 -3.372759e-009 5.333017e-009 6.816524e-009 -3.727787e-009 -3.339792e-009 -3.803864e-009 4.441586e-002 1.436795e-002 -9.186347e-003 -1.439236e-002 -1.671448e-002 -3.019709e-002 -4.453990e-002 -2.910333e-002 -1.796257e-002 -1.925735e-002 -3.220973e-002 -1.678848e-002 1.451607e-002
<VARIANCE> 25
 3.807225e+001 5.414773e+001 4.769022e+001 5.493352e+001 7.003593e+001 5.183953e+001 6.728757e+001 6.326799e+001 4.499415e+001 4.332259e+001 4.862387e+001 3.257064e+001 2.787204e+000 3.115320e+000 2.779195e+000 3.862770e+000 4.704492e+000 4.404606e+000 4.765979e+000 4.597137e+000 3.602696e+000 3.602784e+000 3.644086e+000 2.764743e+000 4.016860e+000
<GCONST> 1.098622e+002
<TRANSP> 5
 0.000000e+000 1.000000e+000 0.000000e+000 0.000000e+000 0.000000e+000
 0.000000e+000 6.000000e-001 4.000000e-001 0.000000e+000 0.000000e+000
 0.000000e+000 0.000000e+000 6.000000e-001 4.000000e-001 0.000000e+000
 0.000000e+000 0.000000e+000 0.000000e+000 7.000000e-001 3.000000e-001
 0.000000e+000 0.000000e+000 0.000000e+000 0.000000e+000 0.000000e+000
<ENDHMM>    
